-2041
645
863
600
-147
1842
-1896
2020
1516
-1580
-779
101
1438
-328
1934
1785
1632
-645
1747
-263
601
875
396
-221
206
-887
1098
202
-1451
1228
-1007
736
1321
-14
-1237
-822
1243
350
316
-1795
1001
-1426
-1188
-1202
-1394
189
-728
740
371
-1346
-20
955
-1169
-990
148
-97
-777
-1940
387
675
1160
-691
297
770
695
748
591
60
-786
-1037
-241
-1658
462
-1209
-1193
-160
550
388
2040
94
-685
9
827
-784
-995
-1157
-78
-1489
241
985
1669
1959
103
1018
1534
-2044
256
1615
-1734
-1937
-742
-1785
519
-290
-520
1876
-1549
759
744
-1533
-1242
411
856
-785
-397
1792
1756
959
1820
1878
-1514
884
403
-1576
861
747
1495
1585
1610
64
-1356
95
184
1263
636
-1382
-1902
-319
1668
405
-749
-186
511
745
-1384
8
-1693
-1687
-1074
1334
1831
1942
-185
1222
759
1039
1115
1040
1017
1975
-434
-1614
-1157
-1571
-1910
-569
154
509
794
-421
560
862
-1500
-1534
-101
551
1865
-381
1416
-482
-2007
1441
1979
-1309
126
1482
-888
-1633
-1196
-1864
-1245
1038
-1615
1506
-1615
1261
-1495
-1318
1000
1416
-25
1826
-161
1181
-929
-512
-448
1613
-1434
-1131
-621
-1755
1482
1985
2014
-2016
1607
-920
289
-595
181
266
-761
1928
-625
-1560
-925
1897
-108
1079
-1333
-1935
406
1481
321
-698
-440
428
-270
1767
266
2
1229
0
-1348
725
-719
1193
317
-526
1070
-1325
-774
918
471
-1328
754
1046
775
1130
1710
-1486
-1542
-2022
-1375
-1492
-1191
-1942
548
1426
-1808
921
1040
416
1720
317
-1896
-1510
867
-1061
-1649
1707
-1757
-1401
-2027
1217
1984
-1442
1628
926
1282
973
189
-816
-1013
931
-823
-305
231
-1080
380
-1064
-1744
-1124
1916
-1325
1655
-1039
-989
1093
-1071
1655
-393
327
757
-854
-1792
-429
614
-505
1851
-8
284
-1607
483
859
236
869
-1879
108
1154
-190
-869
-65
483
1335
-1525
516
-420
1837
-826
788
-802
577
1480
-411
944
-256
1330
1769
-1432
115
1904
100
-758
-492
167
987
-663
103
-727
1386
1922
1120
-1527
-725
-1544
1366
1182
307
-164
-1641
-1017
-1348
402
-1680
-1173
-1011
-1052
1203
46
-1651
-806
1697
-1327
890
1254
1041
1392
-1385
-1374
-1044
1797
1372
-1648
-557
1553
-2020
-881
1774
-1573
-659
155
202
1292
-1684
-1775
-1495
202
-709
-1498
-551
-1298
-746
-1328
1896
1691
1692
-1344
423
-1523
393
1424
1763
78
131
-2028
1767
582
1068
-1911
656
1414
-442
-279
-1803
-984
-298
1546
-497
-908
342
-1381
-286
878
-1085
-1835
752
270
-647
1535
1808
-1757
2039
-368
-1664
-32
1867
-568
-1249
1271
-994
-5
1503
-983
1379
-967
1087
-447
937
-422
439
-1667
-1097
1646
-2002
1076
-1362
-404
-1478
204
-1653
774
1616
-573
-1566
-1844
-1378
-1811
468
556
-623
-1864
-1724
1976
-1255
-1425
1532
-213
613
101
277
-1433
-973
1804
-1252
858
-645
962
333
1430
1686
-908
413
664
-1362
732
1914
-1586
1876
-1419
1893
-1774
133
-1065
-1256
1743
137
1209
-940
648
-2018
-182
-1982
1206
1660
2018
312
797
-652
1051
251
-1458
310
-1522
-1716
-1690
49
704
-827
-1799
-1419
-307
1527
518
-792
-19
-339
1540
26
1696
1330
1224
1701
-322
-1577
-1681
785
458
-1491
769
-1755
583
-920
-1534
-1381
-361
-1927
-125
-1227
1697
-1806
-247
1019
-1250
-1614
2030
-1593
-1709
1588
-170
1733
619
1403
1925
839
-1739
-647
1472
1373
-732
1024
-1189
-1151
1485
-219
798
532
-638
728
-11
-54
1556
1523
1429
165
-291
1123
113
982
-353
131
-644
-992
145
407
-246
-306
-188
-1714
1926
-1724
1117
1586
-250
223
57
1311
1162
-680
-2001
-145
-2008
-1707
1679
3
1680
350
851
1297
-1150
1270
-2002
130
-1174
-1587
-197
1277
450
-761
1825
-1674
-851
-1381
891
-1749
-1301
-381
-875
552
-728
-31
-657
9
1901
499
-1298
-754
-1084
714
-1247
-150
728
-1112
-102
1215
971
777
452
-1608
1994
-948
-980
1933
693
-844
1937
-580
1400
-1524
-275
-1688
-1204
649
-1783
-1848
-372
-1513
738
1087
-432
1218
428
838
-1663
653
-188
-283
136
-979
61
-43
-1429
-776
-423
566
1604
464
-440
1193
-465
261
977
1251
-948
-1277
815
1935
-215
-25
-1392
1414
1586
470
-1350
1077
-1209
2040
458
-1225
-1472
539
1762
1273
906
-1809
452
1159
660
686
1360
1575
-754
95
-42
-761
-1037
842
16
-1119
-1192
1757
-1553
267
-1592
1739
469
237
-955
1370
399
-2020
1993
470
1446
-1064
-696
-1257
-463
-612
249
1530
-1540
-1706
548
-1038
-247
15
1031
318
-189
-772
1298
-202
1118
-330
-709
-1506
-1562
-1323
-1954
1739
-1990
-619
-578
-14
-84
935
352
1758
-389
-2041
-1949
2012
-1887
-1091
1291
1523
1152
-1627
-1075
-499
-1197
1013
-570
-656
-2011
1447
536
888
-868
-644
701
650
-471
1218
-539
21
-1337
-72
-1853
-68
35
347
-813
367
-980
-1831
1126
1672
-1579
-1471
1912
-582
-1732
179
1467
463
-545
966
1733
838
-1537
1574
1373
122
-1528
-153
1733
-892
-259
-287
-1280
165
721
430
-273
67
-610
400
1374
823
-357
-318
1986
1693
2029
673
-1100
-27
-2027
1330
1537
-1499
2020
-1209
125
421
60
-167
805
-625
1542
774
-550
923
1991
780
-1166
-544
900
957
809
1643
2027
2019
-1702
-1810
-52
0
-947
1534
679
-1078
1634
96
377
1011
-1496
1977
628
-492
-1667
291
-1328
-1887
1207
-1755
367
-1786
-1360
1855
390
417
-375
1784
-24
447
1117
1578
550
-680
406
1207
612
1701
-1571
-635
1718
-132
-593
-880
-228
1069
-1155
579
-1807
-465
45
-56
718
-2015
23
1111
2004
-1681
-702
-104
1319
-1205
-1032
-1866
-1851
1281
648
1643
1139
-1627
-712
-51
-1045
-809
-1231
-1632
222
222
1428
132
-968
-1086
-649
-1128
-237
-665
-1614
-112
693
-830
-1623
1634
-1459
-553
-579
-1221
1367
-345
643
1726
-543
1239
1945
939
-1742
551
1811
-118
-465
374
-401
1938
36
-1417
1527
-599
-1786
1503
-96
-699
-1534
-2005
536
1119
1396
1175
323
68
267
1719
209
-1509
-1257
-998
-1530
-1203
-1539
1094
-1650
-617
-1859
-1815
1641
1712
-152
-1031
-317
-1126
660
1551
925
840
158
-1374
-1925
-774
-59
1053
1946
-1616
-1030
1529
-2006
1321
-154
-389
-305
1545
-882
-460
-492
-1742
-774
1854
1825
-1991
867
511
-2032
1799
-942
375
130
104
1034
-751
441
1402
1247
468
-1331
45
-852
-1794
-474
1124
1150
-564
-1748
2043
377
-1889
749
1386
413
297
747
-1771
940
1492
-831
1311
1260
535
-1603
991
-1069
-1585
1363
-866
621
-1144
-681
-1334
-97
1947
720
901
-1547
1561
1189
362
-1241
353
-1876
-1410
1822
1903
1110
71
1416
-50
483
1546
-1860
-20
-1323
1254
-1772
1052
-820
504
1938
-288
-1609
1629
1730
-889
28
1290
1208
1331
1188
1620
-695
778
417
-700
1845
-387
-597
1645
-1167
-311
1583
-897
303
-1935
1771
-1497
1532
-79
811
-626
1147
225
479
-732
-1798
-846
-1691
-1604
-346
546
1000
1521
-915
-942
371
1729
1116
1488
-1941
-714
1162
-72
389
1328
1121
1563
-1980
317
1361
-2008
1164
1857
-1581
1395
-316
-479
402
-282
-1299
-2013
1517
1196
1033
556
-660
1946
-881
-1117
-1711
-108
1230
1760
-969
1303
1134
-414
1161
2022
-82
1603
487
-1906
-623
-413
-1980
1750
-53
1203
-43
823
-1691
1039
-849
-806
-772
1828
1264
638
1956
944
-1907
-2044
-1709
-562
-1665
-393
1949
-171
-124
-1848
1051
-1209
-478
733
-1313
288
-3
-723
-1448
22
1650
-1397
356
1563
-1950
-1429
-884
690
1788
1338
1848
356
-1070
-770
543
-1045
-350
-21
-1164
-44
-439
1833
536
-59
885
1922
-1875
1042
47
1517
-1723
-1326
-1254
-499
1775
803
354
1118
1502
-1053
1631
-1470
-236
-1703
928
1407
163
572
-1903
-1634
1906
-81
1143
-891
-1208
-1992
496
-812
567
-1608
1678
-1156
-918
579
1499
1723
1267
969
625
120
248
-1419
1082
1452
452
-1591
1726
-1753
-1279
96
-402
-191
-1582
-452
-46
1214
1506
1416
-85
1680
327
-1551
-305
-886
-2025
-472
201
1254
-826
-1033
-2000
-1356
-1485
-413
-127
-819
42
540
431
1956
-1134
-1016
268
-102
1765
467
1972
1479
-952
-863
-1966
-655
-593
-1658
546
944
1169
-2041
1885
1955
1442
597
156
-824
445
1880
1143
-618
-1812
-1438
1591
84
108
-1926
-1418
-1032
-1861
-166
-856
1799
-926
-556
-863
1678
-824
421
1731
-281
-604
705
1544
1115
-967
2011
-1377
1453
-1237
-961
-968
1582
2037
-1338
-1308
-1624
-1307
-495
-676
-71
-392
435
1994
-1818
1851
-910
490
-1282
245
1892
-147
1786
517
532
-1621
-444
534
-186
1400
284
-800
679
-984
-911
1540
800
-1415
-1874
-254
449
1194
1991
-1031
333
-1430
-955
125
1596
400
-205
-1750
830
-1322
1823
751
521
-238
-547
-707
1166
84
-249
-97
1638
1409
1366
-2018
625
900
-1897
774
-873
766
-1503
-1728
-1125
-663
-1528
-541
-1292
-1912
-1381
88
-1901
826
1121
914
-378
645
-1927
1934
1149
-1604
-1250
-510
256
1236
-872
-247
-423
2005
557
-268
809
547
-695
500
-1391
210
-1393
1730
959
1743
-245
-759
-734
-546
1324
-1894
-1342
-195
1970
-414
1052
-233
1101
1022
301
382
-1012
1759
-1376
-1027
862
-1026
-717
662
-43
1265
-977
-1195
-712
913
-1332
-249
71
194
154
-1410
-1845
1955
-1844
-292
250
491
-1985
-972
1095
-412
606
-722
831
1668
177
1733
1713
1044
-774
-1269
-24
947
-1543
-1605
-34
-678
686
1487
-1147
1949
1037
728
-288
1748
263
-1794
-759
1233
-779
-1343
1778
-1447
1082
866
-274
-222
1827
200
-1329
358
1755
2013
691
484
117
-396
1625
-705
-516
360
-288
1976
369
-1479
-269
-956
-1613
682
-156
-1116
-736
460
504
1246
540
-1803
123
-1111
-1741
982
-1548
-553
-1836
-1367
-1034
1237
1717
273
516
-1023
1719
-1762
231
189
801
-801
-27
-642
-423
-540
-542
-937
-1569
1355
-960
-1451
-1385
-1147
1406
87
-455
-1398
389
640
485
-1618
1400
772
1486
-568
-1741
374
1505
1224
-2022
-1186
-1181
-109
-136
-239
1888
-1771
-2011
-564
536
1423
1384
1514
1773
266
-198
-1478
316
-75
-1660
1854
-1608
-157
1687
917
89
1257
-333
1044
-1300
-929
602
-1833
-1063
-224
-1590
1023
393
-355
-227
1870
-1537
-304
-679
309
673
1871
-1507
-355
-1941
-522
-1015
546
2042
-1547
-1091
-548
-1543
-1425
-1702
-1943
824
1884
-890
620
-749
-50
211
-691
1377
1102
-886
21
638
-1886
-1108
923
740
879
1345
-1378
-879
-217
-815
1782
-1021
-1348
-551
-1841
-307
1388
-1165
147
427
-933
-1570
-1804
1539
-789
1008
-1682
-303
-1295
-1416
-321
213
1404
1854
479
-481
340
-1541
671
166
-1050
179
1728
1065
1475
-1551
-1392
-1273
-96
-1460
-1062
1556
120
-1131
1088
902
-1979
1880
978
1170
-588
-1344
-1839
1535
574
-592
-609
875
828
826
468
-1719
-1264
1318
-191
1388
334
-1899
2029
596
1248
1449
1551
1214
1775
-1971
698
-39
-1621
-1118
1130
-69
449
-374
572
1601
1442
-1323
1229
547
311
1325
-1612
1076
326
1983
-1426
726
1352
1378
993
1902
688
-165
1837
-535
137
912
-1840
-1504
-402
1336
-229
817
1458
-565
-798
166
-57
65
318
334
-1879
1189
379
-40
110
-591
-518
1291
-1320
1672
-245
914
1962
669
701
1348
-1249
1374
115
-540
-1819
1012
832
820
274
-313
-2045
1660
-1620
-817
-2021
1833
-1089
-344
1468
699
1833
-1210
-1325
451
-1077
1088
1841
-508
785
-1094
1893
-1662
281
416
-1877
-1385
-30
-1406
-1224
-808
988
-625
-48
730
1198
1033
-1692
174
257
-30
1995
788
96
-1170
-867
845
551
81
1740
902
1095
-148
-406
-1092
-1795
-83
1274
-1266
-451
1512
-1072
-635
1534
894
-798
538
-1509
1476
-137
-1785
710
-973
-695
-453
696
1840
-1734
15
1959
-622
1145
-530
-1453
628
-1248
1799
1233
455
-770
-764
589
1302
982
-1413
1752
-312
955
-1697
-1393
1419
-370
271
-327
1572
-102
44
28
-706
63
512
1330
1889
638
-1141
851
270
-1410
2036
445
-859
-1073
-1892
-655
83
-1131
-1969
-833
-1567
1097
-499
-621
553
1078
1761
1357
1652
-1162
-1265
1334
-1706
-1402
-460
612
-1736
-433
1717
-999
1651
654
1027
1906
-285
-107
2009
895
193
1094
618
1135
784
-1691
-686
272
-727
1756
-691
-1705
904
85
-342
-1801
-1059
-1642
-947
1286
1547
3
-685
-122
1117
509
298
1972
-1901
-1788
-464
-1444
2020
1959
656
165
1007
-1975
925
-1835
587
1349
844
-148
-1802
1
-18
-1017
342
1845
-504
153
-16
-1564
-1981
1576
-1408
-118
-681
-547
685
-1323
-20
-1695
1822
1899
-1961
-1659
-1822
31
1068
-506
-230
1549
-1121
-640
-259
-500
113
-1956
-1564
1258
1715
1483
-132
2009
752
1454
-500
-1649
1513
-432
1694
-1714
-1591
-1805
1837
-830
167
-987
-1898
-1663
122
-330
-1452
1837
1067
-1453
527
-181
1518
164
189
-1171
699
510
-1191
-251
719
102
307
1406
-194
1544
1469
-1602
-1949
498
-81
1996
-698
-1518
-1142
1508
-53
-684
-1159
-648
-613
-777
-1457
-1691
456
-39
961
-1490
-230
-313
-69
-734
-298
1216
-1368
-147
-993
-1515
208
508
-66
-695
-359
-207
-950
-1849
908
-201
1700
46
581
1043
704
-941
770
579
-1916
-1875
-1301
1754
223
359
1510
-2017
1787
-817
-751
-1667
1360
1806
-119
2029
707
856
-58
-121
-97
305
823
1859
-420
253
-456
-1014
48
-358
551
-92
-1715
1300
-52
-800
-840
-1446
-1104
-625
-1079
-571
-356
-1166
271
168
-2040
253
-1338
-1138
1129
-1308
1161
-203
1396
1865
-894
-941
1541
-1096
-1107
-1832
-27
1665
1396
1486
1305
-805
-417
1217
-1295
563
1470
1910
109
550
-1398
289
1624
416
-265
-1073
-1381
-1962
-1244
286
1271
-148
-1423
292
-215
-427
-1105
-413
-496
-1363
2037
468
-470
-985
39
1534
279
374
-783
992
1581
-236
-1693
-1842
1021
-808
-1037
-2038
1220
866
-551
1842
965
1589
-822
76
1362
884
-281
104
-86
-460
-785
1505
1638
1111
635
-740
1696
-789
108
1687
-639
1987
-1737
-625
-163
937
-1223
426
315
-1137
-1808
806
686
-2011
-1293
-1018
502
-380
955
-665
100
248
-1760
1014
-1820
702
859
595
1682
-1077
-561
-933
1411
1379
276
-1441
846
1196
-1359
1826
424
979
511
1952
-1836
1809
1685
1895
964
1605
-55
170
-991
33
370
721
1989
2017
1499
1687
1541
-1409
-1866
-1405
1624
1076
-1273
-318
-359
-1155
1060
867
663
551
-132
1978
-1249
-1582
808
1524
1576
1116
1885
469
1639
1441
631
-649
987
1795
-1623
778
-1123
-1514
578
-369
-1891
785
-1146
-427
-1169
61
1224
-672
750
-263
39
1660
971
-1134
-672
-1267
-1837
1216
1283
1115
501
1971
2017
679
1032
1439
637
-1921
1797
-55
162
-607
-793
754
-1788
64
1774
1826
1203
1929
-1161
1198
670
1635
-1562
-1163
694
-1683
1828
1347
246
1791
-1997
-1953
1038
1131
-812
-1299
-75
-266
-1914
1149
1668
1016
846
1637
871
-315
-1874
-25
-412
-165
1613
-210
-812
-1825
-1856
-1022
-1803
695
-51
1299
-1878
857
176
1260
1914
1928
2011
-169
952
1321
-1947
1089
-1375
1147
749
278
-1133
1710
-1502
1353
1592
-822
1657
-1199
906
-567
1915
683
1436
1780
-981
1079
1600
-688
-1864
1402
-1967
776
-1178
-1015
-1138
2
-384
-564
-210
-1999
341
1861
-1323
1759
-457
-865
511
463
-167
1643
481
758
145
1869
1408
1034
2016
781
-2014
666
-1355
-916
-1577
-73
458
-1434
1605
-1510
-1600
506
-1679
-580
-1512
-684
-1417
-52
-1848
1334
100
-1557
-985
-557
202
938
-1731
943
1075
1343
-1964
465
-1959
-1463
1480
1511
1023
1949
263
904
-876
824
1944
859
-1746
-1816
1600
1843
-1224
755
1556
2038
123
-1642
1915
-436
-369
-2022
-1782
766
911
703
1051
22
1072
1074
1344
1895
-1306
1422
567
-55
-1992
-30
-1132
1441
49
541
993
2041
-820
623
598
1736
-1727
-559
724
920
1608
1255
339
341
820
275
-1383
-949
940
-1907
-2024
-211
1601
1175
-1775
1589
-1143
-1855
1723
-723
-1583
1516
-637
334
1372
102
300
-988
272
-1122
-507
2040
1903
-1358
1221
-1224
-2040
170
-1182
818
255
1873
-1932
955
-1796
-117
-1177
-997
-1799
-1481
-202
-382
609
1153
426
757
-1778
-364
1316
-1406
1331
-130
-320
931
-692
1402
-299
-753
944
-683
-562
-141
19
2008
808
875
-1897
123
-1874
1143
-1398
982
1963
-556
-316
300
-1436
-1456
367
-576
1852
-1043
340
-777
-2024
-952
1657
-954
-1211
691
-987
-576
-1932
-1788
1544
-1978
-192
984
1217
63
370
-115
-1706
2022
1753
-385
983
479
1195
463
1295
-695
-415
373
1794
-498
505
1164
-909
123
-601
1766
791
767
-1884
1209
182
-758
1381
360
-300
1517
-279
-1455
1291
-1315
-245
645
-500
-338
-2037
137
-271
-1378
1764
697
1335
714
182
-1124
-1282
-643
-1828
721
-632
-2036
-1552
964
-470
111
1915
-307
324
1630
-1447
-526
-1162
734
1425
-1508
-1845
331
-518
-1621
1541
189
-1517
-674
-48
184
-906
-882
1977
-2022
1678
-631
-1227
308
-603
811
1056
529
-2031
1149
1842
941
1194
-164
-23
1863
-1450
788
1544
1169
-1669
-1036
1214
1980
1434
1167
1801
609
-1854
-516
-1629
-491
-320
-1143
-472
-1096
591
-1198
1940
1624
472
65
997
-840
-534
-332
727
37
-186
-1928
1476
1015
-379
323
125
1086
801
138
-238
1746
-1026
373
126
1442
-204
-455
557
-726
-1221
-144
1076
1539
-190
1188
-1463
-872
-839
1749
-1715
1456
-28
490
-642
-1254
-1645
-489
281
1783
-75
-496
1906
284
1775
776
-909
-788
768
873
1114
776
2025
-739
993
-607
479
-1919
1127
-1487
1496
-802
1117
-34
-1857
840
-72
1327
1816
251
-1951
-974
848
-534
674
1997
-964
-1862
1394
-1659
-1520
1238
-1399
562
-1112
-1081
1588
-753
-1543
1649
-1280
1952
941
-105
-1852
1479
-275
-1006
895
-866
-1265
542
-1642
-1212
-1948
1136
-646
1146
2011
514
718
2038
140
1955
-1325
1635
1265
-969
2044
1791
-517
-918
-792
463
-586
1807
1600
-698
1946
1770
-1047
-1440
-1950
710
242
1559
831
-1786
1716
821
1712
1886
680
-1213
1659
-1053
799
447
1290
-2031
-1345
122
518
-1256
1697
-32
10
1038
-200
-1446
-127
-1748
-120
1429
-1916
-813
-1240
-1872
-1614
1422
1659
533
-521
-1599
377
-944
1833
-1018
154
-953
1905
333
-974
81
-149
1402
-1573
695
742
-112
23
-326
608
588
-4
774
736
569
-808
-1900
-1431
1536
1496
178
706
528
397
-1664
177
-909
1841
860
-1691
454
-568
-338
-991
93
1241
1152
546
-1459
1770
-1713
652
-1159
358
1173
1124
-877
-1505
1125
1159
2010
1595
-90
396
183
651
1567
-1154
-1293
-1762
-1718
343
-1365
-986
1158
591
465
-1512
-2009
1201
-969
-1324
1455
102
1788
496
-1844
1783
-889
-499
858
-223
-1629
-1796
8
1448
-749
-1811
-1543
450
-451
-426
1201
1670
1025
1701
-1237
2000
176
1959
-1837
1065
1016
896
-1107
474
-42
329
-1458
-1788
-1699
550
1203
173
-1433
1743
761
202
1273
1404
184
1797
1389
-994
33
-1944
-974
1755
-1102
1446
1057
-306
-1676
1081
1659
193
-321
-1562
-1753
-2010
-152
1254
116
1514
-184
1690
-1725
1887
-1766
639
-958
-793
-1653
-100
1936
-899
-1660
1577
1906
-2034
-371
-123
788
-1172
1079
-1485
-418
499
-619
14
-580
-67
-1658
-1911
1225
1608
252
-830
1241
-1871
515
-74
-971
-223
1663
-2013
792
1468
418
1600
-157
-331
-1284
-1207
960
-1140
-1515
1146
-1161
-626
400
2029
-115
-1711
1203
-828
-400
1320
-436
1254
-1314
1708
-1056
-1478
793
-256
-983
-761
-672
501
-1103
-547
619
5
1678
-1919
-1238
1755
568
546
601
-1891
-443
-1877
1851
1442
1828
-774
-1516
231
447
-447
1919
682
716
-1998
944
-1624
250
518
556
1658
-837
-1945
859
-1686
1195
2020
-868
1589
-1635
-1455
-1066
-449
243
1138
915
-891
168
-380
-1925
-1063
-1161
-784
1286
-1309
116
-1114
1202
-491
-793
-1620
814
-1170
-1226
-247
-1834
2041
1543
738
-1747
-1259
626
966
1132
1836
20
10
-1781
1089
-1486
-1987
-505
962
154
387
-1219
496
-1155
-1541
84
1177
-1846
-821
1919
813
-397
44
-810
15
-2005
782
-196
1813
950
-916
-1051
308
-1328
-1474
314
-1739
1362
-1543
562
-1688
-1295
121
-268
1625
1803
880
960
1629
-525
521
-1242
488
-470
1783
-970
1200
1256
-1618
-1547
899
-1885
191
1201
1719
-1923
871
-1424
1332
-1081
1035
-236
2037
-1976
-1600
395
-1526
593
-1364
-352
1248
1445
1371
-375
1291
496
717
1572
-227
496
1839
200
-1845
46
864
907
1583
-2010
1267
1816
1832
-286
-307
215
-865
-1533
41
109
-1587
2039
-986
657
371
-1896
-125
1537
-1330
192
-305
-1103
1607
62
695
1781
1528
-867
1164
-289
-1621
8
-1830
-682
-1415
1823
519
1348
-517
1174
258
1163
1240
-593
1466
688
1214
-404
-630
-1708
-1625
118
-1701
-197
1629
-1120
400
-1274
-1970
744
-1634
-430
-437
-746
283
1638
-370
924
-883
-1217
930
-242
-1153
480
1099
931
-473
784
1603
-709
-1969
803
2006
1356
-1140
1026
-1984
-1483
-328
1603
672
-1449
1161
-1466
-1077
617
-178
-448
-417
-1640
-1115
574
-605
637
-1986
1778
676
1035
-898
-1982
980
-1779
-1031
138
744
354
190
-604
-1792
-1043
596
-944
1272
-1048
-1173
-1195
-1030
-1829
-1006
756
2019
1002
665
-1571
-1030
-1645
207
-941
840
664
-76
1734
-1761
860
-126
131
1827
1079
-501
-117
362
-1522
-1727
-1397
1023
479
-16
-1579
571
-407
-363
1100
924
667
563
323
1564
6
1844
1045
-1528
-1022
1564
676
1819
-1382
-976
886
1820
-1488
-1593
-888
-634
1706
-899
1953
131
1861
1770
-686
782
1482
1041
818
-1010
-1459
55
1726
636
553
-680
-1692
655
1401
1258
-298
-1110
-1632
1297
-1353
809
-1013
771
1596
1027
-978
-1858
783
-262
1890
-49
-1002
-1149
1513
1875
315
1343
958
-281
1840
-519
-933
-879
-28
2041
-960
-87
-817
-1809
1853
-372
2042
232
-399
-1768
-851
-555
-820
1504
1171
-260
-703
-986
-1375
-1860
-1698
-1995
40
1092
-1187
1153
-618
871
-1396
-729
848
-953
1288
-60
-1026
-787
1464
1482
-787
698
360
779
-594
-614
528
-391
-1092
714
808
1815
-1232
-138
-528
787
354
1712
170
710
641
793
1981
-561
1767
-42
-1130
-1019
-1716
-1796
579
-1971
-1384
-180
-37
1840
1137
1833
-934
1851
-167
1740
553
-781
-714
901
1052
-1941
1404
-1500
1491
-398
-1113
-1454
-630
-1235
1268
-1806
545
18
-358
-1719
1154
-1191
243
-1784
-238
657
-1782
1814
594
1687
-756
-1775
403
663
-795
-174
-362
1075
-1097
951
-218
1722
-1204
-1336
914
1868
-437
-1207
238
1009
579
-939
-498
902
-412
1442
-453
116
-41
-1500
124
-989
-1858
194
1652
-754
673
-1192
439
1410
371
1945
650
-804
-44
552
-236
305
-1593
-145
1467
903
1694
-1414
-1553
-960
-203
1431
1505
480
-1762
1223
-1879
-2016
-993
1469
802
-1803
657
1448
789
1521
454
118
1810
-1144
829
413
596
-954
973
-1439
847
1552
-1665
-667
-994
-206
-741
-1111
1912
1305
114
-1354
376
767
1578
2046
1710
522
-1006
-1678
-1804
299
1256
1788
1135
-399
-1376
1341
-972
2014
-555
1274
237
1454
932
1944
263
-1054
-331
1110
-813
-733
-946
1614
1505
1254
-1364
1831
-909
-1359
-1738
1643
-1594
-920
-65
-1686
627
-1590
1448
-1124
1947
1736
-557
902
-1570
1755
-1957
-1036
