-397
1237
606
1844
961
-1428
1543
-385
1929
369
1363
-713
-1230
1309
-299
-1716
284
-1403
-1998
111
-1929
-250
277
1722
-1259
-842
-117
-530
-1250
-1760
298
2000
-1606
-290
-1872
555
-953
-383
-1224
1698
402
-235
-832
1306
1140
737
1851
-1312
1336
175
957
1314
-158
-492
-1762
-1729
-748
817
-117
-1782
1454
-924
1168
1508
262
-1493
1743
199
1169
-1036
-754
445
-992
-510
2015
-668
-1171
-252
-1643
-1357
534
-581
-1149
1946
1874
-1241
1150
1761
-290
-1629
-83
-613
1165
-663
-207
712
-2038
-278
566
-113
-521
-1176
440
-1458
-1998
-963
879
822
599
-1704
-404
1217
-955
1846
-1869
1626
1974
-771
358
-1055
-1331
-1313
1753
-1987
1160
1422
1026
1442
-747
1779
-839
482
1756
150
-963
-1761
596
-1963
1384
1404
375
937
6
1597
1215
545
-1368
-888
1749
812
1165
-1920
-1919
6
-254
-765
-1489
-525
372
-885
-852
-1717
-2030
-630
-432
1493
-17
207
1573
-804
140
93
-1403
-701
-549
-1787
-911
-419
-1442
-669
-683
423
-823
-877
104
-1016
-1899
774
1344
-1310
1256
-2042
1275
1422
-1697
1570
1899
1934
1017
-1710
455
-1038
2011
-1857
-972
-419
20
-222
1960
562
-523
-49
-1612
-973
1652
769
-190
1804
-505
-32
1096
1891
-461
1670
-1694
-108
-861
-1867
-779
-58
1753
-1184
-1683
-1350
545
1989
1459
939
-1261
-427
428
1493
-974
-1584
972
491
-240
-700
-1646
-1515
1872
803
-2044
189
793
-8
1501
-1329
-1978
1821
1216
402
482
-1016
-1329
-800
-666
1628
-1480
-1569
740
-1140
35
-286
-4
-1018
90
-1844
-1885
-293
-214
-1445
-652
488
1768
483
731
300
677
1499
140
931
838
1191
-839
-2009
181
24
630
-1879
1120
-1769
-300
1631
1700
-1065
-1056
-715
1135
-1763
-693
-1824
-343
1253
-532
580
179
-249
-1622
1896
1939
1539
-1237
-920
-230
208
210
-22
1655
1950
-1942
-1650
-1573
110
-806
1187
-1482
-98
-628
1470
-1794
-1785
699
1394
-1798
-1524
-448
1740
467
269
1058
-1051
-76
690
683
1769
1123
-1682
-767
589
-1162
1974
-2029
1584
-320
381
1312
-558
1217
-757
338
-1242
-437
-2041
-577
844
1230
-1826
-139
-1509
1782
280
739
-191
-841
253
-1526
-1136
-1934
-1800
-1823
-1887
1686
301
-117
-1667
-1745
-1074
-624
1683
-1881
596
1452
-1142
-127
-1423
1450
303
556
-1347
409
-1473
136
1021
-521
1298
-1408
-221
24
277
-732
-896
-1944
507
-1577
-813
1456
1935
1213
-1951
-712
-950
1062
1181
-331
-1746
1568
1264
2030
-1677
-545
-304
1851
1101
1580
1485
-1959
-159
662
4
791
-2016
1148
-209
-164
-306
1459
1792
-600
-1706
1536
1327
-30
124
1270
-1168
-1624
1518
-627
-2031
-1136
-651
1277
1412
-1806
-31
-1464
1357
892
-1508
-72
1712
1063
1707
1049
1476
1243
-943
-831
-1248
-1454
2027
-502
176
-1651
1129
-1100
-968
102
-301
1658
-1112
1181
300
-1935
-1002
-1841
-1397
-654
-131
713
1703
324
477
-1332
926
-1869
-1507
1749
16
1811
-237
472
-1984
-545
1355
-1561
1148
-153
1486
-774
1908
-1404
-1427
1988
1692
99
2042
1517
861
517
-1263
-228
1880
-307
1891
-1941
565
-1639
1697
-626
872
1495
-304
299
1643
-1525
1251
-43
975
259
-1031
-758
1433
-106
-663
-571
-1701
-43
638
-16
1648
-103
1012
-1472
-1292
-1141
-54
-1071
-621
-963
480
-231
-251
1723
1997
-136
346
-500
1106
-785
1966
-274
727
1378
-864
-1150
1920
1768
-1530
-2034
1069
-1417
-1960
1658
1745
628
-2007
-1562
441
1195
1074
1960
-1545
738
1629
1917
1170
434
1581
-29
1768
-1791
787
-1935
-1408
1399
-1785
1899
242
-357
-1581
-993
91
166
418
823
-889
1522
-1765
-272
-632
1808
887
-2039
25
1321
831
-1686
-2010
-491
-1078
905
-1551
1415
553
322
-1436
-1314
-1044
862
718
-305
1536
1127
167
-1876
-1431
535
1442
1635
1754
1509
-1874
-265
799
536
1049
-1406
324
1230
-1642
-103
-431
-394
40
314
1480
1290
-794
1226
1678
-1606
640
914
870
533
116
1838
1465
669
1526
-923
1261
948
-1712
949
202
1722
-32
844
-1705
-875
-131
-1665
-1370
-1255
-691
-1153
-257
-1319
-1332
1949
1489
692
-692
-376
-1562
670
-1934
743
-723
-1269
7
-1275
-826
-1422
437
-1136
-1161
1640
743
-184
-722
419
-1155
-1335
-1557
-930
394
2028
-1406
-1881
1729
86
-590
2027
967
-1441
-20
836
-1519
-2039
-943
-1065
144
839
-1726
-803
-1066
-222
-254
1208
-567
255
724
1652
1466
445
-764
302
1291
469
-963
1754
-1821
-2023
1226
2001
1385
-415
1531
1173
-1266
-1079
-967
824
-1530
1959
562
482
1221
-778
-84
-1059
-591
340
37
654
-1940
-150
-2029
2033
880
-69
-1335
970
-1495
1959
-34
-1735
-1028
487
552
-530
237
-26
-264
165
17
-110
2011
-2016
-1970
-782
1424
31
2019
763
1608
1534
-1213
-1252
-520
518
1871
1744
-1298
1844
-6
-1289
-696
-313
1818
-28
-1133
239
-898
1567
-1249
-1972
793
-1309
-401
-1707
-944
996
-1998
876
1345
1534
-712
-797
-256
1505
-1065
1863
1465
-380
-1242
1475
1955
1166
133
-1401
1989
-1448
1511
-753
1356
955
1854
1681
-1094
1390
-1654
-524
-926
1792
-1560
-1845
-575
-1221
-200
734
-1811
-489
1167
-1647
-1609
1006
-231
1164
477
292
-585
344
-1074
-552
-786
775
1338
1280
1387
928
1601
-1408
1979
152
1338
-166
882
2004
1002
2010
1124
1703
-426
720
-954
-1998
-63
-667
-1249
-876
-445
-1263
1300
-385
-1704
1293
-17
-1946
1000
186
-331
1751
-448
-1970
-503
396
61
-664
-144
77
102
-1812
-474
-640
19
1902
983
889
339
-535
-64
-443
1750
-566
-382
1808
-1434
-964
-690
-1286
576
-1094
-341
-1447
-1546
902
861
-1468
-270
-890
1497
-629
-656
1722
688
1707
1538
1810
1126
54
91
-1867
1330
1272
-1143
-1680
1268
-633
-1967
1198
-518
1125
1524
-946
-289
-394
1498
-1327
-995
217
1669
1652
1935
-1537
602
-1922
-1904
-249
-1394
-2014
-1322
-1234
702
1201
1760
-1415
-598
1602
526
1327
1863
-1968
241
-615
1279
-560
608
-695
37
-1472
1425
-1121
-1194
1753
-1585
697
-236
1962
535
1135
1563
-63
832
-862
-547
5
-287
-1422
-1160
-2002
-1654
1466
468
-748
1733
582
291
1049
320
-480
1084
-290
382
1157
-930
-323
430
-1301
1948
922
-1806
-1704
-1366
1374
1162
-1070
521
896
375
1537
-1130
563
1215
-333
1109
-1909
-747
1141
873
-245
1038
-1782
1603
-1494
400
-842
-313
-2042
-82
-172
-106
1265
-1645
-1994
-209
1579
-1068
630
1554
1578
-1888
1843
-1904
-1530
-463
-1285
-1915
849
-1523
-9
1954
-507
-165
-1461
-364
1426
742
-7
-1696
-1786
-1239
-1571
1453
299
-318
1806
-1227
-1889
2039
71
701
192
-133
1145
-936
-1165
-778
1106
235
-861
2026
-542
2024
875
-204
1511
1339
1536
-1647
-1972
30
2028
-552
1278
-206
-489
-745
-1288
581
-23
1305
-394
-439
303
-542
1076
-1079
-1041
72
1753
1140
-575
127
-2015
-2017
-2003
679
-1244
-632
-179
-1014
338
-91
-425
-168
-166
899
1361
-395
-1141
-136
-117
-2023
813
2021
-483
985
47
549
-491
-1273
1158
-1567
-629
-1879
-797
358
-207
1862
2036
373
1984
-319
-1054
-1863
-838
163
-223
1949
2005
-620
1646
231
-319
-1520
1305
836
-1443
1305
-1755
-869
1309
-215
-1872
832
1004
-1071
553
-584
-1811
1183
-872
-704
-1118
-108
372
-1083
-523
1940
1445
-1643
363
375
732
823
-1008
990
-288
1030
-1925
1157
-1485
1463
-1939
-1716
-1151
-1656
-657
1910
-1728
837
1744
1983
-262
-1324
157
336
1972
1121
-1334
-1432
727
-1009
-976
-1800
1296
-744
188
-1625
668
-1718
-461
-75
-915
247
1793
-986
1414
2039
-348
1705
568
19
-293
-328
-435
-677
-1693
1842
1015
1230
-674
-1227
-1854
462
1042
1589
473
-1352
1106
1600
-654
-1759
2040
-1430
-1460
1595
-1271
-1003
811
1968
1975
-634
-136
1381
-252
1041
1656
-843
-1783
104
-321
367
1208
883
-252
-1742
-1444
-1493
525
-1708
32
1742
-1293
-1002
-907
-1510
821
-689
-695
-1392
-1998
-1238
2025
1204
-1748
846
204
-1442
933
247
1694
909
1844
-942
-1972
-125
1634
1954
-1760
22
1551
686
695
1581
-1865
-1874
-4
360
-256
-1695
-1870
431
819
-1619
269
1269
202
1059
-838
1958
1460
-522
171
-1487
1714
169
-1181
-1511
-964
1328
1739
-1773
-1710
-1896
876
-1925
-1589
-285
-2018
-1107
357
1159
-553
-78
304
-1313
-1272
660
1180
-2042
-559
252
962
-334
163
-950
1084
-426
179
1995
-507
2040
-1629
1916
1481
91
1498
1677
-1476
935
-230
-1943
-621
-1205
1644
617
252
572
1871
-1809
816
86
1309
1514
-85
236
-396
-1082
-2043
1367
-550
665
-812
-74
-1227
-1393
1922
-423
-673
-1652
654
-919
1891
1742
-1636
-2035
-1838
724
1738
-1378
1142
1513
-282
-1206
-718
-1025
-1663
156
1014
1
-287
351
-307
1368
214
309
-1045
-1591
13
367
151
1609
-1204
-1402
-216
324
511
-352
-1153
135
-86
425
412
1414
352
-174
-611
-1468
786
878
130
327
-547
1342
-1680
1856
-803
481
1662
125
-1526
-372
-787
-1814
107
1751
958
-1826
-719
1978
-1895
-706
1280
870
502
-687
-232
1709
-393
1220
880
1097
-932
1107
1448
1649
258
1897
457
825
897
-1709
-866
-995
-1531
67
1258
-715
1337
217
-252
-895
353
-1971
23
1456
77
2013
-1334
-1306
-1062
-2030
-1436
-308
-964
1488
1573
-1890
-1616
-1969
546
-426
-809
-1607
-254
-610
-692
-1674
1600
2016
-1571
-1488
-960
501
453
-1492
-626
954
637
94
-1788
66
-1692
1200
1003
-1335
1231
1495
478
-1780
-1023
-1214
1413
-157
304
-654
-1032
-240
-653
-1190
-32
-1244
412
-257
-492
1161
976
-13
223
-1647
-775
-502
921
347
1460
-1357
-1075
1995
-453
885
390
-1490
-1947
-1026
-976
297
1947
529
1354
122
1515
522
-333
175
-1623
-486
1434
915
819
1753
2022
-108
1598
-86
-717
-1392
-521
1308
254
-1887
1934
-2013
1921
-223
-1362
-999
627
-1909
759
633
1877
367
-1423
-1433
1188
824
-36
1665
-160
-812
194
1974
-423
1533
-1426
1815
1210
1406
334
1406
-1731
-324
-1446
838
862
1830
-622
-375
1094
-8
1394
604
-898
-887
-1413
-635
-997
-1560
1610
747
1746
2028
1524
642
322
100
-341
1215
-1809
1177
1130
-157
1140
1493
-494
1470
1364
-1748
-468
805
181
770
1045
-1604
175
739
1223
-959
-1162
986
1723
1334
-1576
496
-1943
-1581
658
304
1208
794
-1069
-365
1276
975
89
-164
-1108
-684
457
-194
-135
548
-661
-1582
-1479
101
1258
1961
-1313
-1355
-1902
939
1575
500
-970
-1835
-677
-422
-880
1313
-404
560
1592
-1561
-709
-812
-1066
-529
264
59
1231
537
-550
1948
-1493
1182
-761
-1665
694
-1139
1151
-1093
-952
-1301
-1983
-1050
-1243
1779
-721
-1422
1371
-298
295
793
-1215
-1961
1879
-1801
-1395
234
1153
-1884
1441
1184
660
-252
1109
1859
-254
-266
-88
-1983
826
-915
1513
1435
736
-134
197
-361
1771
-625
631
570
-1685
895
-1069
622
276
1727
-1949
-27
-1947
31
-1492
-164
1874
-337
-1428
1196
893
-756
218
-1018
1498
-92
-308
1472
419
-428
1961
1382
959
1988
-961
26
-450
-1763
-1499
771
-208
60
-779
1572
-404
-1219
-1411
-1028
-1630
849
-126
-1440
548
-559
-387
1314
-1036
-1669
-585
-302
-1711
-1341
-436
-2
-1417
1355
356
405
1222
-715
-714
687
234
1651
-228
-461
-1202
1261
1111
216
-401
-1147
-304
-1034
-1422
1187
1858
-664
-1704
-1336
-1421
314
-1180
835
-1392
-682
769
-1542
-1408
933
955
-2012
1108
852
911
-784
-1936
-699
-1487
-1504
-343
-907
1423
824
-220
-346
1841
-1607
1010
1449
-1630
-859
321
1507
-1649
-500
-698
593
-1541
-834
-646
667
1764
-818
-1381
-1121
1511
1334
-1858
-306
45
1317
-761
246
-705
-186
1640
1210
524
1416
-1318
327
941
-1045
1635
-1620
-1739
1141
1452
1342
1046
815
287
1437
672
1067
-1429
636
-1084
-1452
-1643
-6
-43
-1716
819
-80
1427
-1825
-725
-1763
1781
-918
847
423
-737
1200
-1642
-1817
1772
-363
1261
-1708
438
-762
149
-1490
1885
-1849
243
-1363
371
-947
443
-1239
-857
-444
-1885
1174
1040
-1770
520
-1341
1978
-1546
-1729
439
-554
-559
-1655
-1309
-1528
-348
415
-1495
603
-113
-290
-95
1315
560
434
-468
-177
-1109
-1861
883
-358
-1096
-1047
460
1815
1119
-700
-1981
-133
-867
146
364
892
1119
1905
-667
-2046
-875
-1215
1856
-2005
322
-1450
680
-245
149
-1550
-1593
-720
1267
-1458
47
1430
1212
1614
-1256
-1677
1554
1078
-1210
1572
284
-1840
323
1280
1847
-1407
43
-2035
386
-579
-117
-1172
1330
51
-1843
-322
-2005
1085
-1906
1522
-974
-1549
-1949
-771
858
-183
357
1477
-1055
-807
1040
1025
-505
121
-574
1551
622
858
107
1680
830
1259
-808
-501
1681
14
-1047
2043
-845
-1026
-168
-1282
-1941
1630
-435
-229
1030
-13
-432
-1496
345
314
1277
1322
-202
-1879
-1291
-1377
-1315
-86
1104
-1875
-57
20
-159
-230
1077
-169
1460
-994
-762
213
-1975
1966
-220
-759
-1303
-1864
294
1686
-109
-1147
-1163
779
-510
-753
344
-1924
-18
-1437
-1641
-628
1663
-86
-1848
1379
-1718
-436
-1009
-809
-1213
-634
-374
-1471
-442
1268
-27
-611
-1690
-887
-367
-1492
661
-1740
1024
-233
-2012
-1555
-658
158
588
1109
1906
-225
406
-883
-227
1398
-1507
-135
1709
1078
-1931
815
-1867
-1282
-1918
-837
-75
-632
682
1723
1287
-559
-24
111
1330
192
261
-1956
1087
-308
436
570
-1909
-516
-1112
906
-426
-299
-1460
-482
711
379
-1143
-977
136
1179
1520
-655
1176
-1170
-1828
114
-571
1106
1722
-42
1307
1417
1634
1729
-1552
324
848
-1006
1966
-330
445
-111
-1999
365
1709
215
174
1155
148
800
1053
-1288
-1831
-628
279
689
714
830
-534
940
-1933
-1304
301
145
396
-1823
357
-1443
-683
-1119
506
1117
860
1463
22
546
-1013
-788
-558
1161
-759
447
1559
1969
569
-254
-73
-268
1929
-854
522
-1917
1037
-630
-1606
-496
747
-1211
2016
1001
635
-15
575
1024
-510
-1834
1701
-450
644
-1600
67
933
-1241
1107
-1748
-575
-663
720
-389
-116
-1565
427
-1617
-1629
445
-124
-655
1751
-637
1746
110
728
-631
208
-874
-2009
-1889
-788
1322
-268
-1742
1117
565
585
1419
-706
-1125
-802
-1158
-902
-1430
-1264
974
565
710
-1142
-425
-2043
1251
987
615
1092
-151
-1382
-825
593
-1583
1102
-228
-1355
-1756
-791
390
756
-646
707
686
-1938
698
1297
-309
1402
-1273
719
520
-852
1336
991
1746
280
-506
424
-946
-91
1529
169
-633
-1973
770
-1922
-545
795
-73
935
-1305
-1959
1789
-833
90
-281
1647
-1483
1665
223
-553
1625
-130
352
-424
-774
985
-1223
1954
995
-1285
-1069
-606
21
1955
-1583
-763
1192
-703
707
322
1323
-487
1914
-1450
190
-204
-1465
-850
1889
-1518
-334
479
1783
210
1568
-920
-1707
1332
184
-783
-1835
-304
1535
934
-780
-1788
1217
999
-948
-749
1407
-812
-677
-1843
1784
1325
-1113
-459
-1991
1268
649
1193
-129
803
-1233
-25
-1619
-1510
1818
-678
-1705
251
-810
1091
-1736
1190
2019
264
320
1664
-1578
31
-1576
929
1410
-1765
1166
728
-1484
1586
-516
985
-30
204
2009
1576
570
1869
1840
-1517
934
-797
-592
-1483
-538
-151
462
-2033
406
-981
1327
483
565
1958
1157
1178
2018
-1790
-1888
1988
-897
1368
-1049
-383
1389
956
984
881
1945
-551
-1576
610
-263
-492
-1336
-533
-229
1890
248
-1132
-444
-160
1974
-794
-1961
-281
1018
2005
802
-1559
-1619
-764
-1667
-1364
224
1560
-385
-1782
-1385
768
1669
520
54
-2032
-194
86
1411
-1074
-984
500
53
-318
-1743
936
1217
917
156
1673
985
-1502
-553
29
-33
-1086
636
386
-536
871
-211
-507
428
2009
-654
1436
-35
-1400
1104
958
-461
-1683
-805
-270
1242
-394
-2003
400
128
713
1128
60
121
-1932
-1537
-421
-1914
-1841
1709
-748
-1654
572
2015
-690
192
-1151
394
-1782
-1844
-209
-1222
1159
1022
-587
-1889
968
915
85
-234
-857
-1305
915
1434
-1504
-1435
-1161
-1914
314
-1650
24
1686
997
872
-774
-1842
-1463
1269
-1673
572
1783
-1803
-809
421
1683
-1924
-905
-1544
1793
987
-418
852
-254
807
1734
521
-1463
-1574
771
-830
-1337
1291
46
1946
-1185
1983
-2030
1389
-865
1141
-1347
-848
-46
-62
1854
-1674
235
796
479
519
-1092
901
597
-161
1218
-1213
116
1800
-1462
584
422
-8
-534
-837
1470
1914
821
728
-637
-2030
-1081
492
342
-188
1325
399
-1380
-975
-1725
1214
-514
-1008
-728
-1480
343
1584
1937
-1164
878
1259
680
1497
-2024
1237
-1540
1392
1815
-46
253
1168
-1951
1352
-1412
10
966
-742
1377
-1234
1801
-371
-143
-1249
62
228
-1512
-794
1866
1752
-1504
1467
-824
636
1637
-1815
187
-1286
1590
-1357
-88
-1641
-1119
987
73
-134
575
1281
-1904
392
1785
1373
-993
999
-1800
1113
752
-1409
109
352
617
-17
928
-1691
-175
131
-389
1404
-1232
611
-698
540
-1157
154
1756
575
1263
-1457
-288
-497
430
936
1079
-1956
1108
465
-895
631
1727
1898
-1877
454
-325
787
-1193
1650
-230
-699
1362
-291
1975
-244
-1871
-261
699
1804
-305
-168
-1643
-446
-1553
743
-2006
-1587
1685
-179
160
895
-675
-286
-453
-422
350
12
406
-1927
1028
312
-778
2045
598
1273
720
-947
-914
1459
1338
-1796
867
-944
132
-1000
1603
-1712
1915
-769
584
-1069
992
-680
1794
-542
-1714
400
-1349
-1670
1316
596
1915
1476
499
1132
1379
2045
158
111
600
-166
1508
-56
998
-150
1695
95
-1146
-1912
-1748
-887
440
-1663
-411
102
-1896
552
194
628
510
-1494
988
114
531
-1171
-1306
-441
592
-1080
-1925
43
1462
-741
1604
1459
-1416
1915
-295
1783
411
-809
53
367
264
345
-1683
-534
93
74
456
1284
-757
137
1030
929
-472
-1974
985
-834
-915
-1179
105
545
-331
-1074
518
-1694
1931
-144
-596
-375
-967
-1272
1178
499
-1644
-676
675
-1336
1862
574
-1683
861
1486
223
824
321
-97
1203
930
1535
506
-872
-1882
604
-540
1898
-1415
325
-649
447
1191
-1020
1621
1000
-291
1298
-663
-1038
1964
785
-914
-1310
22
309
1496
-1853
473
1721
-155
-302
1869
698
1977
857
1809
1495
1983
-366
513
-200
-1059
-1024
-530
-470
-586
1995
887
1538
721
893
405
-631
140
-1680
1300
-160
460
664
-351
-764
1775
-508
-595
400
1120
1367
711
-521
46
1536
1968
998
-1218
591
1959
262
-416
-1526
-402
1976
-47
1493
92
-236
397
-756
-1516
-181
1250
-1755
529
-995
-1088
1648
715
-1370
-997
-656
-115
-1015
1527
-992
689
609
-1934
747
-103
367
-474
1141
-323
-1946
1438
962
1646
-435
1533
-1984
-357
1663
-911
-1290
-1529
-366
-1322
-888
-1155
787
-1012
-204
-1705
1223
-431
-908
-562
910
36
-1633
-372
138
-2015
-1293
483
1263
-979
129
1066
1776
-1896
1135
-1128
551
862
-525
1312
1276
1085
-1930
203
119
1486
-1429
-54
991
80
808
750
-1611
-1440
837
990
1857
-2001
-289
-158
-892
-607
1344
861
-653
946
1391
-301
-1404
-592
724
-422
-1660
1677
-1620
-1142
-923
-1282
-369
444
-157
124
145
1696
1006
1534
343
255
-1579
1656
670
1076
1023
475
1190
708
614
-804
-784
1654
1646
1021
-1878
-1931
851
-1436
-1437
-61
2025
-1888
-433
-1865
-1201
-961
-864
909
444
1081
-678
1257
-1210
753
-739
-421
-1657
-1544
-435
397
1556
59
-507
-879
-281
-260
80
-1658
-1492
-545
787
-1976
-231
696
779
1126
-754
1380
-1429
1533
1651
1053
-921
1964
229
205
-699
-1965
2029
-1087
569
-1323
-1041
-981
166
645
637
752
0
1649
-1583
45
-513
545
-907
-57
92
1591
-264
-594
-1106
1884
-823
-495
683
1507
1492
525
-635
1173
-1455
-703
1137
293
-499
-859
1330
-860
-1818
-1214
1726
-399
1428
-765
-1371
-2012
-893
1082
1929
-835
974
565
1094
-1610
-1463
-178
1773
-963
-387
760
1873
-1751
-131
53
102
-1536
185
1742
2027
-623
1641
1506
-20
1665
-1058
-2022
330
-426
321
-511
-1262
-201
-1470
1799
-580
811
734
1386
1538
751
-1007
1435
1700
-1278
-639
-617
-897
-1716
1513
1143
1141
469
-139
-279
1715
1276
-1648
-1869
1657
-632
1454
-5
546
-1762
104
661
-1361
-1650
-942
-1578
1618
-1714
16
-686
-647
-1630
1317
274
-619
-794
188
-109
-1703
-1185
-1013
-1029
-1633
-763
-604
1305
-382
-314
320
-636
-988
1424
1866
-1737
-1427
-576
450
-687
-1187
301
-52
-1483
1865
-1404
1393
1166
-1416
-2020
-1793
-580
-1153
-783
-1206
2006
-513
-1523
-866
-477
240
1755
-1173
1516
1066
-1303
1625
-1877
-926
1868
1839
887
-1742
-1409
2007
1193
-865
1186
-217
-1108
-150
-218
-348
-1097
-1606
1460
1772
-550
896
-1193
1032
-1369
-994
471
-231
2
1158
1571
-270
920
926
-34
-779
-446
2035
-327
-99
-1819
1657
-1024
-1985
-196
416
689
-686
-1808
58
-843
1742
1390
1956
-137
-509
772
-1889
-380
-455
1411
-1481
1655
-36
-748
-1442
-327
834
-1671
1887
-918
-825
597
488
-751
-143
-1841
710
-1190
-42
761
-995
-937
1121
-606
-1728
-48
1196
-853
-815
-1555
1325
-340
-1938
-1847
-1843
1038
1393
1093
-593
1597
578
680
1744
1851
888
-1962
-75
-471
1144
1318
939
272
-297
-541
-459
-1906
-1036
-1004
1467
1413
83
-1315
-418
-597
-1006
803
-540
-275
2010
1419
1698
1678
505
-859
-1402
1053
-1348
-569
950
-824
-1078
-1258
-901
-103
457
1279
-1167
1769
-1091
1476
1515
-110
-116
-672
1440
-1494
-192
80
-1233
1777
1593
1970
745
-1855
505
-748
-650
1861
1475
-1951
-1689
1375
1210
653
1935
-1124
-1607
-1225
-163
904
103
-1097
1157
-945
-224
-446
-1065
-823
-825
-1217
-2011
974
-1452
-1148
1317
759
842
-1598
383
-949
1199
-1634
1382
1886
1480
1769
-144
-437
-1464
-1173
-804
-305
279
1416
-289
-1979
-132
1674
-1456
-1373
935
-1392
-1240
1816
1676
-1822
345
-324
9
1797
-1966
1926
-742
1271
1692
-919
862
1268
-193
-1918
-1662
-667
-1556
-1478
1985
-209
981
1665
76
1799
1627
195
-1379
-1003
-758
1998
-1673
-1452
94
1123
-283
845
1755
415
-605
-1171
-1623
983
860
1638
1619
-446
852
330
804
989
1199
1126
1879
-988
1031
961
1228
-72
906
79
-891
-552
314
-1918
876
1699
1693
654
-1817
768
365
1776
-925
-445
150
-661
-1103
564
-749
-1245
-193
492
509
-953
1501
-1083
864
-123
-664
1788
-236
1520
446
-642
-208
1453
1943
-507
398
-1579
1145
-161
933
1539
352
-1804
-427
21
383
301
-1808
-430
649
-470
1819
1192
2025
268
212
1878
-399
138
6
1369
459
759
-1202
-1724
-1711
1126
286
-1354
-652
305
757
1818
885
-1683
-1070
1009
-1890
-603
-1658
-1761
626
370
-943
-572
1419
-977
-992
-507
40
-943
-277
-996
553
-538
1963
-1212
2013
133
333
-293
-1799
1343
1293
1074
-1741
-1814
1979
-1670
1032
-1221
1358
45
-1789
-195
-462
1427
-1566
-673
1474
1940
-1972
-1099
-647
-1931
-956
-823
1035
-44
-1813
367
-977
891
246
1554
-1502
-445
-1956
-34
952
1936
-905
-1479
-1487
-1531
-1954
274
300
874
1675
91
644
1234
-625
-745
-1506
1235
236
-1904
335
698
-1034
-1520
-666
1249
1965
1917
101
-1853
-1672
371
2013
1811
958
781
234
-1401
-445
539
1279
871
1858
2027
-273
-314
-1241
1866
886
860
-1046
13
1276
731
-545
-860
1451
-1563
-1241
538
1943
1323
-1206
1804
1589
-439
