Signal Legend:

Key        Signal Name

0        = amp
1        = data_in
2        = sub:u_sub|result
3        = sub:u_sub|dataa
4        = data_o
5        = fftcore:u_fftcore|sink_real

Data Table:

Signals-> 0      1    2    3    4    5     

sample

-256      13505  973  461  973  463  918   
-255      13505  973  461  973  461  918   
-254      13505  973  461  973  461  908   
-253      13505  972  460  972  460  908   
-252      13505  972  460  972  460  922   
-251      13505  970  458  970  462  922   
-250      13505  970  458  970  458  922   
-249      13505  974  462  974  458  920   
-248      13505  975  463  975  463  920   
-247      13505  975  463  975  463  916   
-246      13505  975  463  975  463  916   
-245      13505  975  463  975  463  916   
-244      13505  975  463  975  463  926   
-243      13505  975  463  975  463  926   
-242      13505  975  463  975  463  926   
-241      13505  973  461  973  461  926   
-240      13505  973  461  973  461  926   
-239      13505  973  461  973  461  926   
-238      13505  972  460  972  460  926   
-237      13505  972  460  972  460  922   
-236      13505  973  461  973  461  922   
-235      13505  973  461  973  461  922   
-234      16     973  461  973  461  920   
-233      16     971  459  971  459  920   
-232      18     971  459  971  459  922   
-231      23578  968  456  968  456  922   
-230      23578  968  456  968  456  922   
-229      877    970  458  970  456  918   
-228      877    967  455  967  455  918   
-227      876    967  455  967  455  912   
-226      110160 964  452  964  452  912   
-225      110160 964  452  964  452  912   
-224      540653 964  453  965  452  910   
-223      540653 963  451  963  451  910   
-222      540654 963  451  963  451  904   
-221      123658 961  449  961  449  904   
-220      123658 961  449  961  449  904   
-219      2221   985  473  985  465  902   
-218      2221   957  445  957  445  902   
-217      2222   957  445  957  445  898   
-216      11650  955  442  954  441  898   
-215      11650  954  442  954  442  898   
-214      1000   954  442  954  442  890   
-213      1000   951  439  951  439  890   
-212      1002   951  439  951  439  884   
-211      3130   944  432  944  432  884   
-210      3130   944  432  944  432  884   
-209      578    950  438  950  434  878   
-208      578    943  431  943  431  878   
-207      576    943  431  943  431  864   
-206      1924   937  425  937  425  864   
-205      1924   937  425  937  425  864   
-204      442    937  425  937  425  862   
-203      442    930  418  930  418  862   
-202      441    930  418  930  418  850   
-201      1017   929  417  929  417  850   
-200      1017   929  417  929  417  850   
-199      436    929  417  929  417  836   
-198      436    922  410  922  410  836   
-197      438    922  410  922  410  834   
-196      754    916  404  916  400  834   
-195      754    916  404  916  404  834   
-194      521    912  400  912  400  820   
-193      521    912  400  912  400  820   
-192      522    912  400  912  400  808   
-191      890    921  409  921  409  808   
-190      890    905  393  905  393  808   
-189      340    897  385  897  385  800   
-188      340    896  384  896  384  800   
-187      341    896  384  896  384  786   
-186      557    1021 509  1021 509  786   
-185      557    893  381  893  381  786   
-184      601    893  381  893  381  768   
-183      601    886  374  886  374  768   
-182      602    886  374  886  374  762   
-181      530    895  383  895  383  762   
-180      530    879  367  879  367  762   
-179      221    879  367  879  367  748   
-178      221    873  361  873  361  748   
-177      221    873  361  873  361  734   
-176      433    865  353  865  353  734   
-175      433    865  353  865  353  734   
-174      289    873  361  873  361  722   
-173      289    857  345  857  345  722   
-172      289    857  345  857  345  706   
-171      421    849  337  849  337  706   
-170      421    849  337  849  337  706   
-169      260    849  337  849  337  690   
-168      260    841  329  841  329  690   
-167      260    841  329  841  329  674   
-166      340    832  320  832  320  674   
-165      340    832  320  832  320  674   
-164      169    856  344  856  320  658   
-163      169    824  312  824  312  658   
-162      169    824  312  824  312  640   
-161      689    817  305  817  305  640   
-160      689    817  305  817  305  640   
-159      320    817  305  817  305  624   
-158      320    806  294  806  294  624   
-157      321    806  294  806  294  610   
-156      365    831  319  831  319  610   
-155      365    799  287  799  287  610   
-154      274    799  287  799  287  588   
-153      274    791  279  791  279  588   
-152      273    791  279  791  279  574   
-151      449    778  266  778  266  574   
-150      449    778  266  778  266  574   
-149      218    770  258  770  258  558   
-148      218    773  261  773  261  558   
-147      217    773  261  773  261  532   
-146      369    1016 504  1016 504  532   
-145      369    760  248  760  248  532   
-144      169    760  248  760  248  522   
-143      169    753  241  753  241  522   
-142      168    753  241  753  241  496   
-141      180    741  229  741  229  496   
-140      180    741  229  741  229  496   
-139      290    741  229  741  229  482   
-138      290    730  218  730  218  482   
-137      289    730  218  730  218  458   
-136      269    720  208  720  208  458   
-135      269    720  208  720  208  458   
-134      164    722  210  722  208  436   
-133      164    711  199  711  199  436   
-132      166    711  199  711  199  416   
-131      242    765  253  765  253  416   
-130      242    701  189  701  189  416   
-129      445    701  189  701  189  398   
-128      445    691  179  691  179  398   
-127      445    691  179  691  179  378   
-126      269    678  166  678  166  378   
-125      269    678  166  678  166  378   
-124      365    694  182  694  166  358   
-123      365    671  159  671  159  358   
-122      364    671  159  671  159  332   
-121      208    656  144  656  144  332   
-120      208    656  144  656  144  332   
-119      281    658  146  658  146  318   
-118      281    647  135  647  135  318   
-117      281    647  135  647  135  288   
-116      221    764  252  764  252  288   
-115      221    636  124  636  124  288   
-114      356    636  124  636  124  270   
-113      356    624  112  624  112  270   
-112      357    624  112  624  112  248   
-111      85     615  103  615  103  248   
-110      85     615  103  615  103  248   
-109      170    631  119  631  103  224   
-108      170    603  91   603  91   224   
-107      169    603  91   603  91   206   
-106      265    593  81   593  81   206   
-105      265    593  81   593  81   206   
-104      250    593  81   593  81   182   
-103      250    578  66   578  66   182   
-102      248    578  66   578  66   162   
-101      272    635  123  635  123  162   
-100      272    571  59   571  59   162   
-99       250    571  59   571  59   132   
-98       250    557  45   557  45   132   
-97       250    557  45   557  45   118   
-96       242    545  33   545  33   118   
-95       242    545  33   545  33   118   
-94       269    545  33   545  33   90    
-93       269    534  22   534  22   90    
-92       269    534  22   534  22   66    
-91       433    522  10   522  10   66    
-90       433    522  10   522  10   66    
-89       169    762  250  762  250  44    
-88       169    1023 511  1023 511  44    
-87       169    511  -1   511  1    20    
-86       181    501  -11  501  1    20    
-85       181    501  -11  501  11   20    
-84       245    501  -11  501  11   -1022 
-83       245    488  -24  488  24   -1022 
-82       245    488  -24  488  24   -22   
-81       265    506  -6   506  6    -22   
-80       265    474  -38  474  38   -22   
-79       80     474  -38  474  38   -48   
-78       80     465  -47  465  47   -48   
-77       81     465  -47  465  47   -76   
-76       185    452  -60  452  52   -76   
-75       185    452  -60  452  60   -76   
-74       130    468  -44  468  44   -94   
-73       130    442  -70  442  70   -94   
-72       129    442  -70  442  70   -120  
-71       233    430  -82  430  66   -120  
-70       233    430  -82  430  82   -120  
-69       250    430  -82  430  82   -140  
-68       250    422  -90  422  90   -140  
-67       249    422  -90  422  90   -164  
-66       181    440  -71  441  66   -164  
-65       181    409  -103 409  103  -164  
-64       149    409  -103 409  103  -180  
-63       149    397  -115 397  115  -180  
-62       149    397  -115 397  115  -206  
-61       313    384  -128 384  126  -206  
-60       313    386  -126 386  126  -206  
-59       313    440  -72  440  126  -230  
-58       313    376  -136 376  136  -230  
-57       313    376  -136 376  136  -252  
-56       113    364  -148 364  148  -252  
-55       113    364  -148 364  148  -252  
-54       185    364  -148 364  148  -272  
-53       185    355  -157 355  157  -272  
-52       184    355  -157 355  157  -296  
-51       180    376  -136 376  136  -296  
-50       180    344  -168 344  168  -296  
-49       164    346  -166 346  168  -314  
-48       164    335  -177 335  177  -314  
-47       165    335  -177 335  177  -336  
-46       109    322  -190 322  190  -336  
-45       109    322  -190 322  190  -336  
-44       149    330  -182 330  190  -354  
-43       149    315  -197 315  197  -354  
-42       150    315  -197 315  197  -380  
-41       34     300  -212 300  214  -380  
-40       34     300  -212 300  212  -380  
-39       289    300  -212 300  212  -394  
-38       289    294  -218 294  218  -394  
-37       289    294  -218 294  218  -424  
-36       221    319  -193 319  195  -424  
-35       221    283  -229 283  229  -424  
-34       193    283  -229 283  229  -436  
-33       193    273  -239 273  239  -436  
-32       193    273  -239 273  239  -458  
-31       125    263  -249 263  249  -458  
-30       125    263  -249 263  249  -458  
-29       340    511  -1   511  201  -478  
-28       340    255  -257 255  257  -478  
-27       341    255  -257 255  257  -498  
-26       149    245  -267 245  267  -498  
-25       149    245  -267 245  267  -498  
-24       170    245  -267 245  267  -514  
-23       170    234  -278 234  278  -514  
-22       168    234  -278 234  278  -534  
-21       116    228  -284 228  284  -534  
-20       116    228  -284 228  284  -534  
-19       97     228  -284 228  284  -556  
-18       97     216  -296 216  296  -556  
-17       98     216  -296 216  296  -568  
-16       130    208  -304 208  304  -568  
-15       130    208  -304 208  304  -568  
-14       170    208  -304 208  304  -592  
-13       170    200  -312 200  312  -592  
-12       169    200  -312 200  312  -608  
-11       101    192  -320 192  320  -608  
-10       101    192  -320 192  320  -608  
-9        53     192  -320 192  320  -624  
-8        53     183  -329 183  329  -624  
-7        52     183  -329 183  329  -640  
-6        232    176  -336 176  336  -640  
-5        232    176  -336 176  336  -640  
-4        136    176  -336 176  336  -658  
-3        136    168  -344 168  344  -658  
-2        138    168  -344 168  344  -672  
-1        226    163  -349 163  349  -672  
0         226    163  -349 163  349  -672  
1         137    171  -341 171  349  -688  
2         137    154  -358 154  358  -688  
3         138    154  -358 154  358  -698  
4         162    150  -362 150  362  -698  
5         162    150  -362 150  362  -698  
6         106    150  -362 150  362  -716  
7         106    140  -372 140  372  -716  
8         105    140  -372 140  372  -724  
9         205    136  -376 136  368  -724  
10        205    136  -376 136  376  -724  
11        58     136  -376 136  376  -744  
12        58     129  -383 129  383  -744  
13        58     129  -383 129  383  -752  
14        34     252  -260 252  260  -752  
15        34     124  -388 124  388  -752  
16        130    124  -388 124  388  -766  
17        130    116  -396 116  396  -766  
18        129    116  -396 116  396  -776  
19        117    113  -399 113  397  -776  
20        117    113  -399 113  399  -776  
21        109    117  -395 117  399  -792  
22        109    109  -403 109  403  -792  
23        109    109  -403 109  403  -798  
24        81     103  -409 103  409  -798  
25        81     103  -409 103  409  -798  
26        137    103  -409 103  409  -806  
27        137    99   -413 99   413  -806  
28        137    99   -413 99   413  -818  
29        97     124  -388 124  384  -818  
30        97     92   -420 92   420  -818  
31        290    92   -420 92   420  -826  
32        290    91   -421 91   421  -826  
33        290    91   -421 91   421  -840  
34        90     84   -428 84   444  -840  
35        90     84   -428 84   428  -840  
36        80     80   -432 84   428  -842  
37        80     82   -430 82   430  -842  
38        80     82   -430 82   430  -856  
39        80     92   -420 92   420  -856  
40        80     76   -436 76   436  -856  
41        193    76   -436 76   436  -860  
42        193    75   -437 75   437  -860  
43        194    75   -437 75   437  -872  
44        26     75   -437 75   437  -872  
45        26     75   -437 75   437  -872  
46        68     75   -437 75   437  -874  
47        68     69   -443 69   443  -874  
48        68     69   -443 69   443  -874  
49        40     66   -446 66   444  -874  
50        40     66   -446 66   446  -874  
51        80     66   -446 66   446  -886  
52        80     67   -445 67   445  -886  
53        81     67   -445 67   445  -892  
54        125    67   -445 67   445  -892  
55        125    67   -445 67   445  -892  
56        125    67   -445 67   445  -890  
57        125    64   -448 64   448  -890  
58        126    64   -448 64   448  -890  
59        50     127  -385 127  385  -890  
60        50     63   -449 63   449  -890  
61        130    63   -449 63   449  -896  
62        130    62   -450 62   450  -896  
63        129    62   -450 62   450  -898  
64        197    63   -449 63   449  -898  
65        197    63   -449 63   449  -898  
66        73     63   -449 63   449  -900  
67        73     63   -449 63   449  -900  
68        73     63   -449 63   449  -898  
69        65     63   -449 63   449  -898  
70        65     63   -449 63   449  -898  
71        100    63   -449 63   449  -898  
72        100    62   -450 62   450  -898  
73        100    62   -450 62   450  -898  
74        80     65   -447 65   473  -898  
75        80     65   -447 65   447  -898  
76        40     125  -387 125  447  -900  
77        40     62   -450 62   450  -900  
78        42     62   -450 62   450  -894  
79        82     64   -448 64   448  -894  
80        82     64   -448 64   448  -894  
81        5      64   -448 64   448  -900  
82        5      67   -445 67   445  -900  
83        4      67   -445 67   445  -896  
84        64     68   -444 68   452  -896  
85        64     68   -444 68   444  -896  
86        109    70   -442 70   444  -890  
87        109    71   -441 71   441  -890  
88        109    71   -441 71   441  -888  
89        81     71   -441 71   441  -888  
90        81     71   -441 71   441  -888  
91        41     71   -441 71   441  -882  
92        41     78   -434 78   434  -882  
93        41     78   -434 78   434  -882  
94        109    79   -433 79   433  -882  
95        109    79   -433 79   433  -882  
96        125    79   -433 79   433  -868  
97        125    85   -427 85   427  -868  
98        124    85   -427 85   427  -866  
99        64     84   -428 84   426  -866  
100       64     84   -428 84   428  -866  
101       90     84   -428 84   428  -854  
102       90     90   -422 90   422  -854  
103       89     90   -422 90   422  -856  
104       45     94   -418 94   418  -856  
105       45     94   -418 94   418  -856  
106       37     94   -418 94   418  -844  
107       37     96   -416 96   416  -844  
108       37     96   -416 96   416  -836  
109       37     102  -410 102  410  -836  
110       37     102  -410 102  410  -836  
111       53     102  -410 102  410  -832  
112       53     107  -405 107  405  -832  
113       53     107  -405 107  405  -820  
114       5      115  -397 115  397  -820  
115       5      115  -397 115  397  -820  
116       85     115  -397 115  397  -810  
117       85     117  -395 117  395  -810  
118       85     117  -395 117  395  -794  
119       49     127  -385 127  385  -794  
120       49     127  -385 127  385  -794  
121       73     119  -393 119  385  -790  
122       73     128  -384 128  384  -790  
123       73     128  -384 128  384  -770  
124       61     137  -375 137  375  -770  
125       61     137  -375 137  375  -770  
126       90     137  -375 137  375  -768  
127       90     140  -372 140  372  -768  
128       90     140  -372 140  372  -750  
129       26     156  -356 156  372  -750  
130       26     148  -364 148  364  -750  
131       100    156  -356 156  364  -744  
132       100    155  -357 155  357  -744  
133       101    155  -357 155  357  -728  
134       37     164  -348 164  332  -728  
135       37     164  -348 164  348  -728  
136       10     164  -348 164  348  -714  
137       10     173  -339 173  339  -714  
138       8      173  -339 173  339  -696  
139       20     176  -336 176  344  -696  
140       20     176  -336 176  336  -696  
141       58     184  -328 184  336  -678  
142       58     187  -325 187  325  -678  
143       57     187  -325 187  325  -672  
144       25     192  -320 192  448  -672  
145       25     192  -320 192  320  -672  
146       17     192  -320 192  320  -650  
147       17     203  -309 203  309  -650  
148       17     203  -309 203  309  -640  
149       45     211  -301 211  301  -640  
150       45     211  -301 211  301  -640  
151       10     219  -293 219  301  -618  
152       10     221  -291 221  291  -618  
153       9      221  -291 221  291  -602  
154       117    227  -285 227  269  -602  
155       117    227  -285 227  285  -602  
156       45     227  -285 227  285  -582  
157       45     239  -273 239  273  -582  
158       46     239  -273 239  273  -570  
159       26     245  -267 245  265  -570  
160       26     245  -267 245  267  -570  
161       9      253  -259 253  267  -546  
162       9      255  -257 255  257  -546  
163       8      255  -257 255  257  -534  
164       104    264  -248 264  502  -534  
165       104    264  -248 264  248  -534  
166       10     264  -248 264  248  -514  
167       10     277  -235 277  235  -514  
168       10     277  -235 277  235  -496  
169       2      283  -229 283  229  -496  
170       2      283  -229 283  229  -496  
171       5      283  -229 283  229  -470  
172       5      295  -217 295  217  -470  
173       5      295  -217 295  217  -458  
174       25     303  -209 303  209  -458  
175       25     303  -209 303  209  -458  
176       40     303  -209 303  209  -434  
177       40     313  -199 313  199  -434  
178       41     313  -199 313  199  -418  
179       25     323  -189 323  189  -418  
180       25     323  -189 323  189  -418  
181       13     323  -189 323  189  -398  
182       13     332  -180 332  180  -398  
183       12     332  -180 332  180  -378  
184       4      347  -165 347  165  -378  
185       4      347  -165 347  165  -378  
186       136    347  -165 347  165  -360  
187       136    357  -155 357  155  -360  
188       137    357  -155 357  155  -330  
189       25     365  -147 365  147  -330  
190       25     365  -147 365  147  -330  
191       18     365  -147 365  147  -310  
192       18     376  -136 376  136  -310  
193       18     376  -136 376  136  -294  
194       10     389  -123 389  123  -294  
195       10     389  -123 389  123  -294  
196       73     389  -123 389  123  -272  
197       73     397  -115 397  115  -272  
198       72     397  -115 397  115  -246  
199       0      415  -97  415  97   -246  
200       0      411  -101 411  101  -246  
201       25     411  -101 411  101  -230  
202       25     422  -90  422  90   -230  
203       24     422  -90  422  90   -202  
204       8      430  -82  430  82   -202  
205       8      430  -82  430  82   -202  
206       5      430  -82  430  82   -180  
207       5      444  -68  444  68   -180  
208       6      444  -68  444  68   -164  
209       26     455  -57  455  59   -164  
210       26     455  -57  455  57   -164  
211       20     455  -57  455  57   -136  
212       20     466  -46  466  46   -136  
213       21     466  -46  466  46   -114  
214       25     479  -33  479  33   -114  
215       25     479  -33  479  33   -114  
216       10     479  -33  479  33   -92   
217       10     491  -21  491  21   -92   
218       8      491  -21  491  21   -66   
219       40     498  -14  498  4    -66   
220       40     498  -14  498  14   -66   
221       16     354  -158 354  30   -42   
222       16     0    -512 0    -512 -42   
223       18     512  0    512  0    28    
224       34     526  14   526  14   28    
225       34     526  14   526  14   28    
226       25     526  14   526  14   0     
227       25     534  22   534  22   0     
228       26     534  22   534  22   28    
229       18     549  37   549  37   28    
230       18     549  37   549  37   28    
231       2      548  36   548  36   44    
232       2      556  44   556  44   44    
233       0      556  44   556  44   74    
234       20     573  61   573  61   74    
235       20     573  61   573  61   74    
236       29     557  45   557  61   88    
237       29     580  68   580  68   88    
238       30     580  68   580  68   122   
239       2      593  81   593  85   122   
240       2      593  81   593  81   122   
241       5      597  85   597  81   136   
242       5      604  92   604  92   136   
243       5      604  92   604  92   162   
244       13     615  103  615  119  162   
245       13     615  103  615  103  162   
246       45     631  119  631  103  184   
247       45     625  113  625  113  184   
248       45     625  113  625  113  206   
249       17     639  127  639  127  206   
250       17     639  127  639  127  206   
251       5      639  127  639  127  226   
252       5      649  137  649  137  226   
253       5      649  137  649  137  254   
254       17     656  144  656  144  254   
255       17     656  144  656  144  254   
256       34     664  153  665  152  274   
257       34     671  159  671  159  274   
258       32     671  159  671  159  288   
259       36     699  187  699  187  288   
260       36     683  171  683  171  288   
261       2      683  171  683  171  318   
262       2      688  176  688  176  318   
263       1      688  176  688  176  342   
264       25     705  193  705  193  342   
265       25     705  193  705  193  342   
266       5      705  193  705  193  352   
267       5      717  205  717  205  352   
268       5      717  205  717  205  386   
269       37     719  206  718  207  386   
270       37     718  206  718  206  386   
271       4      718  206  718  206  410   
272       4      732  220  732  220  410   
273       5      732  220  732  220  412   
274       17     743  231  743  231  412   
275       17     743  231  743  231  412   
276       17     743  231  743  231  440   
277       17     755  243  755  243  440   
278       18     755  243  755  243  462   
279       26     760  248  760  248  462   
280       26     760  248  760  248  462   
281       9      754  242  754  248  486   
282       9      775  263  775  263  486   
283       8      775  263  775  263  496   
284       8      779  267  779  267  496   
285       8      779  267  779  267  496   
286       50     779  267  779  267  526   
287       50     793  281  793  281  526   
288       49     793  281  793  281  534   
289       9      801  289  801  289  534   
290       9      801  289  801  289  534   
291       9      801  289  801  289  562   
292       9      806  294  806  294  562   
293       9      806  294  806  294  578   
294       5      819  307  819  307  578   
295       5      819  307  819  307  578   
296       52     819  307  819  307  588   
297       52     829  317  829  317  588   
298       53     829  317  829  317  614   
299       5      832  320  832  320  614   
300       5      832  320  832  320  614   
301       10     832  321  833  320  634   
302       10     843  331  843  331  634   
303       9      843  331  843  331  640   
304       5      851  339  851  339  640   
305       5      851  339  851  339  640   
306       34     859  347  859  339  662   
307       34     856  344  856  344  662   
308       32     856  344  856  344  678   
309       20     865  353  865  353  678   
310       20     865  353  865  353  678   
311       8      865  353  865  353  688   
312       8      874  362  874  362  688   
313       8      874  362  874  362  706   
314       0      878  366  878  366  706   
315       0      878  366  878  366  706   
316       5      878  366  878  366  724   
317       5      889  377  889  377  724   
318       5      889  377  889  377  732   
319       53     892  380  892  380  732   
320       53     892  380  892  380  732   
321       10     892  380  892  380  754   
322       10     898  386  898  386  754   
323       9      898  386  898  386  760   
324       1      906  394  906  394  760   
325       1      906  394  906  394  760   
326       13     906  394  906  394  772   
327       13     913  401  913  401  772   
328       13     913  401  913  401  788   
329       65     918  406  918  406  788   
330       65     918  406  918  406  788   
331       9      918  406  918  406  802   
332       9      920  408  920  408  802   
333       9      920  408  920  408  812   
334       1      929  417  929  433  812   
335       1      929  417  929  417  812   
336       26     929  417  929  417  816   
337       26     933  421  933  421  816   
338       26     933  421  933  421  834   
339       18     939  426  938  427  834   
340       18     938  426  938  426  834   
341       13     938  426  938  426  842   
342       13     941  429  941  429  842   
343       13     941  429  941  429  852   
344       13     944  432  944  424  852   
345       13     944  432  944  432  852   
346       13     944  432  944  432  858   
347       13     951  439  951  439  858   
348       14     951  439  951  439  864   
349       10     950  438  950  438  864   
350       10     950  438  950  438  864   
351       41     950  438  950  438  878   
352       41     956  444  956  444  878   
353       41     956  444  956  444  876   
354       25     961  449  961  449  876   
355       25     961  449  961  449  876   
356       8      961  449  961  449  888   
357       8      965  453  965  453  888   
358       9      965  453  965  453  898   
359       53     967  455  967  455  898   
360       53     967  455  967  455  898   
361       40     967  455  967  455  906   
362       40     967  455  967  455  906   
363       41     967  455  967  455  910   
364       13     966  454  966  454  910   
365       13     966  454  966  454  910   
366       13     966  454  966  454  910   
367       13     970  458  970  458  910   
368       13     970  458  970  458  908   
369       37     975  463  975  463  908   
370       37     973  461  973  461  908   
371       2      973  460  972  461  916   
372       2      972  460  972  460  916   
373       1      972  460  972  460  922   
374       5      975  463  975  463  922   
375       5      975  463  975  463  922   
376       13     975  463  975  463  920   
377       13     972  460  972  460  920   
378       12     972  460  972  460  926   
379       16     974  462  974  462  926   
380       16     974  462  974  462  926   
381       29     974  462  974  462  920   
382       29     975  463  975  463  920   
383       29     975  463  975  463  924   
384       25     975  463  975  463  924   
385       25     975  463  975  463  924   
386       29     975  463  975  463  926   
387       29     975  463  975  463  926   
388       29     975  463  975  463  926   
389       17     970  458  970  458  926   
390       17     970  458  970  458  926   
391       65     970  458  970  458  926   
392       65     970  458  970  458  926   
393       66     970  458  970  458  916   
394       18     968  456  968  456  916   
395       18     968  456  968  456  916   
396       36     968  456  968  456  916   
397       36     968  456  968  456  916   
398       38     968  456  968  456  912   
399       10     964  452  964  460  912   
400       10     964  452  964  452  912   
401       37     964  452  964  452  912   
402       37     962  450  962  450  912   
403       38     962  450  962  450  904   
404       2      960  448  960  448  904   
405       2      960  448  960  448  904   
406       29     984  472  984  448  900   
407       29     957  445  957  445  900   
408       30     957  445  957  445  896   
409       10     952  440  952  440  896   
410       10     952  440  952  440  896   
411       8      952  440  952  440  890   
412       8      946  434  946  434  890   
413       10     946  434  946  434  880   
414       34     945  433  945  433  880   
415       34     945  433  945  433  880   
416       25     945  433  945  433  868   
417       25     941  429  941  429  868   
418       25     941  429  941  429  866   
419       85     937  425  937  425  866   
420       85     937  425  937  425  866   
421       25     937  425  937  425  858   
422       25     932  420  932  420  858   
423       25     932  420  932  420  850   
424       29     929  417  929  417  850   
425       29     929  417  929  417  850   
426       8      929  417  929  417  840   
427       8      922  410  922  410  840   
428       8      922  410  922  410  834   
429       100    916  404  916  400  834   
430       100    916  404  916  404  834   
431       4      916  404  916  404  820   
432       4      908  396  908  396  820   
433       5      908  396  908  396  808   
434       1      904  392  904  392  808   
435       1      904  392  904  392  808   
436       2      904  392  904  392  792   
437       2      896  384  896  384  792   
438       2      896  384  896  384  784   
439       34     1020 508  1020 508  784   
440       34     892  380  892  380  784   
441       36     892  380  892  380  768   
442       36     884  372  884  372  768   
443       37     884  372  884  372  760   
444       25     894  382  894  382  760   
445       25     878  366  878  366  760   
446       8      878  366  878  366  744   
447       8      873  361  873  361  744   
448       9      873  361  873  361  732   
449       13     867  355  867  355  732   
450       13     867  355  867  355  732   
451       100    875  363  875  363  722   
452       100    858  346  858  346  722   
453       100    858  346  858  346  710   
454       36     849  337  849  337  710   
455       36     849  337  849  337  710   
456       10     849  337  849  337  692   
457       10     842  330  842  330  692   
458       9      842  330  842  330  674   
459       13     833  321  833  321  674   
460       13     833  321  833  321  674   
461       104    841  329  841  321  660   
462       104    826  314  826  314  660   
463       105    826  314  826  314  642   
464       1      816  304  816  304  642   
465       1      816  304  816  304  642   
466       18     816  304  816  304  628   
467       18     808  296  808  296  628   
468       17     808  296  808  296  608   
469       1      831  319  831  319  608   
470       1      799  287  799  287  608   
471       20     799  287  799  287  592   
472       20     788  276  788  276  592   
473       21     788  276  788  276  574   
474       53     778  266  778  270  574   
475       53     778  266  778  266  574   
476       52     770  258  770  266  552   
477       52     768  256  768  256  552   
478       54     768  256  768  256  532   
479       10     1018 506  1018 506  532   
480       10     762  250  762  250  532   
481       17     762  250  762  250  512   
482       17     750  238  750  238  512   
483       17     750  238  750  238  500   
484       97     738  226  738  226  500   
485       97     738  226  738  226  500   
486       36     746  234  746  226  476   
487       36     728  216  728  216  476   
488       36     728  216  728  216  452   
489       40     721  209  721  209  452   
490       40     721  209  721  209  452   
491       34     721  209  721  209  432   
492       34     710  198  710  198  432   
493       33     710  198  710  198  418   
494       29     765  253  765  253  418   
495       29     701  189  701  189  418   
496       5      701  189  701  189  396   
497       5      691  179  691  179  396   
498       5      691  179  691  179  378   
499       41     679  167  679  167  378   
500       41     679  167  679  167  378   
501       8      695  183  695  167  358   
502       8      669  157  669  157  358   
503       8      669  157  669  157  334   
504       8      656  144  656  144  334   
505       8      656  144  656  144  334   
506       32     656  144  656  144  314   
507       32     646  134  646  134  314   
508       32     646  134  646  134  288   
509       52     763  251  763  255  288   
510       52     635  123  635  123  288   
511       29     635  123  635  123  268   
512       29     625  113  625  113  268   
513       30     625  113  625  113  246   
514       58     612  100  612  100  246   
515       58     612  100  612  100  246   
516       36     628  116  628  100  226   
517       36     603  91   603  91   226   
518       38     603  91   603  91   200   
519       58     591  79   591  79   200   
520       58     591  79   591  79   200   
521       45     591  79   591  79   182   
522       45     579  67   579  67   182   
523       45     579  67   579  67   158   
524       25     633  121  633  121  158   
525       25     569  57   569  57   158   
526       2      569  57   569  57   134   
527       2      554  42   554  42   134   
528       2      554  42   554  42   114   
529       26     544  32   544  32   114   
530       26     544  32   544  32   114   
531       32     544  32   544  32   84    
532       32     534  22   534  22   84    
533       34     534  22   534  22   64    
534       10     522  10   522  10   64    
535       10     522  10   522  10   64    
536       20     514  2    514  2    44    
537       20     513  1    513  1    44    
538       20     513  1    513  1    20    
539       16     1011 499  1011 499  20    
540       16     1011 499  1011 499  20    
541       61     499  -13  499  13   2     
542       61     489  -23  489  23   2     
543       62     489  -23  489  23   -998  
544       50     507  -6   506  5    -998  
545       50     474  -38  474  38   -998  
546       58     474  -38  474  38   -46   
547       58     464  -48  464  48   -46   
548       56     464  -48  464  48   -76   
549       4      455  -57  455  57   -76   
550       4      455  -57  455  57   -76   
551       80     471  -41  471  41   -96   
552       80     443  -69  443  69   -96   
553       81     443  -69  443  69   -114  
554       41     431  -81  431  65   -114  
555       41     431  -81  431  81   -114  
556       8      431  -81  431  81   -138  
557       8      420  -92  420  92   -138  
558       10     420  -92  420  92   -162  
559       2      447  -65  447  65   -162  
560       2      411  -101 411  101  -162  
561       53     411  -101 411  101  -184  
562       53     396  -116 396  116  -184  
563       54     396  -116 396  116  -202  
564       10     387  -125 387  125  -202  
565       10     387  -125 387  125  -202  
566       10     443  -69  443  117  -232  
567       10     379  -133 379  133  -232  
568       10     379  -133 379  133  -250  
569       26     362  -150 362  148  -250  
570       26     362  -150 362  150  -250  
571       8      362  -150 362  150  -266  
572       8      355  -157 355  157  -266  
573       10     355  -157 355  157  -300  
574       90     376  -136 376  134  -300  
575       90     344  -168 344  168  -300  
576       52     346  -166 346  168  -314  
577       52     334  -178 334  178  -314  
578       54     334  -178 334  178  -336  
579       18     323  -189 323  191  -336  
580       18     323  -189 323  189  -336  
581       2      331  -181 331  189  -356  
582       2      312  -200 312  200  -356  
583       1      312  -200 312  200  -378  
584       97     302  -210 302  210  -378  
585       97     302  -210 302  210  -378  
586       9      302  -210 302  210  -400  
587       9      292  -220 292  220  -400  
588       9      292  -220 292  220  -420  
589       13     319  -193 319  193  -420  
590       13     283  -229 283  229  -420  
591       2      283  -229 283  229  -440  
592       2      272  -240 272  240  -440  
593       1      272  -240 272  240  -458  
594       29     265  -231 265  231  -458  
595       29     265  -247 265  247  -458  
596       13     505  -7   505  231  -480  
597       13     254  -258 254  258  -480  
598       12     254  -258 254  258  -494  
599       40     242  -270 242  262  -494  
600       40     242  -270 242  270  -494  
601       13     242  -270 242  270  -516  
602       13     234  -278 234  278  -516  
603       13     234  -278 234  278  -540  
604       1      227  -285 227  287  -540  
605       1      227  -285 227  285  -540  
606       65     235  -277 235  285  -556  
607       65     217  -295 217  295  -556  
608       65     217  -295 217  295  -570  
609       45     211  -301 211  301  -570  
610       45     211  -301 211  301  -570  
611       26     211  -301 211  301  -590  
612       26     201  -311 201  311  -590  
613       24     201  -311 201  311  -602  
614       8      192  -320 192  318  -602  
615       8      192  -320 192  320  -602  
616       65     216  -296 216  320  -622  
617       65     185  -327 185  327  -622  
618       64     185  -327 185  327  -640  
619       4      179  -333 179  333  -640  
620       4      179  -333 179  333  -640  
621       40     179  -333 179  333  -654  
622       40     170  -342 170  342  -654  
623       41     170  -342 170  342  -666  
624       5      162  -350 162  350  -666  
625       5      162  -350 162  350  -666  
626       5      170  -342 170  350  -684  
627       5      155  -357 155  357  -684  
628       6      155  -357 155  357  -700  
629       10     148  -364 148  366  -700  
630       10     148  -364 148  364  -700  
631       41     148  -364 148  364  -714  
632       41     142  -370 142  370  -714  
633       42     142  -370 142  370  -728  
634       34     136  -376 136  376  -728  
635       34     136  -376 136  376  -728  
636       9      136  -376 136  376  -740  
637       9      128  -384 128  384  -740  
638       9      128  -384 128  384  -752  
639       25     251  -261 251  261  -752  
640       25     123  -389 123  389  -752  
641       34     123  -389 123  389  -768  
642       34     119  -393 119  393  -768  
643       32     119  -393 119  393  -778  
644       68     126  -386 126  384  -778  
645       68     110  -402 110  402  -778  
646       26     110  -402 110  402  -786  
647       26     109  -403 109  403  -786  
648       25     109  -403 109  403  -804  
649       5      100  -412 100  412  -804  
650       5      100  -412 100  412  -804  
651       9      100  -412 100  412  -806  
652       9      98   -414 98   414  -806  
653       9      98   -414 98   414  -824  
654       45     124  -388 124  388  -824  
655       45     92   -420 92   420  -824  
656       10     92   -420 92   420  -828  
657       10     91   -421 91   421  -828  
658       8      91   -421 91   421  -840  
659       8      84   -428 84   420  -840  
660       8      84   -428 84   428  -840  
661       1      80   -432 80   428  -842  
662       1      81   -431 81   431  -842  
663       0      81   -431 81   431  -856  
664       20     95   -417 95   417  -856  
665       20     79   -433 79   433  -856  
666       41     79   -433 79   433  -862  
667       41     77   -435 77   435  -862  
668       41     77   -435 77   435  -866  
669       37     73   -439 73   439  -866  
670       37     73   -439 73   439  -866  
671       1      73   -439 73   439  -870  
672       1      71   -441 71   441  -870  
673       2      71   -441 71   441  -878  
674       34     68   -444 68   442  -878  
675       34     68   -444 68   444  -878  
676       50     68   -443 69   444  -882  
677       50     67   -445 67   445  -882  
678       48     67   -445 67   445  -888  
679       16     64   -448 64   448  -888  
680       16     64   -448 64   448  -888  
681       5      90   -422 90   448  -890  
682       5      63   -449 63   449  -890  
683       5      63   -449 63   449  -896  
684       25     62   -450 62   450  -896  
685       25     62   -450 62   450  -896  
686       13     62   -450 62   450  -898  
687       13     63   -449 63   449  -898  
688       14     63   -449 63   449  -900  
689       10     63   -449 63   449  -900  
690       10     63   -449 63   449  -900  
691       32     63   -449 63   449  -898  
692       32     62   -450 62   450  -898  
693       33     62   -450 62   450  -898  
694       13     62   -450 62   450  -898  
695       13     62   -450 62   450  -898  
696       17     62   -450 62   450  -900  
697       17     63   -449 63   449  -900  
698       17     63   -449 63   449  -900  
699       29     63   -449 63   449  -900  
700       29     63   -449 63   449  -900  
701       26     63   -449 63   449  -898  
702       26     65   -447 65   447  -898  
703       24     65   -447 65   447  -898  
704       8      64   -448 64   446  -898  
705       8      64   -448 64   448  -898  
706       50     64   -448 64   448  -894  
707       50     66   -446 66   446  -894  
708       50     66   -446 66   446  -896  
709       18     69   -443 69   437  -896  
710       18     69   -443 69   443  -896  
711       8      69   -443 69   443  -892  
712       8      68   -444 68   444  -892  
713       10     68   -444 68   444  -886  
714       10     79   -433 79   433  -886  
715       10     75   -437 75   437  -886  
716       37     75   -437 75   437  -888  
717       37     76   -436 76   436  -888  
718       37     76   -436 76   436  -874  
719       5      79   -433 79   433  -874  
720       5      79   -433 79   433  -874  
721       10     79   -433 79   433  -872  
722       10     83   -429 83   429  -872  
723       9      83   -429 83   429  -866  
724       13     84   -428 84   426  -866  
725       13     84   -428 84   428  -866  
726       17     84   -428 84   428  -858  
727       17     90   -422 90   422  -858  
728       16     90   -422 90   422  -856  
729       20     97   -415 97   433  -856  
730       20     97   -415 97   415  -856  
731       20     97   -415 97   415  -844  
732       20     99   -413 99   413  -844  
733       21     99   -413 99   413  -830  
734       29     104  -408 104  406  -830  
735       29     104  -408 104  408  -830  
736       4      104  -408 104  408  -826  
737       4      104  -408 104  408  -826  
738       6      104  -408 104  408  -816  
739       50     120  -392 120  408  -816  
740       50     112  -400 112  400  -816  
741       17     120  -392 120  408  -816  
742       17     121  -391 121  391  -816  
743       17     121  -391 121  391  -800  
744       25     125  -387 125  387  -800  
745       25     125  -387 125  387  -800  
746       2      125  -387 125  387  -782  
747       2      132  -380 132  380  -782  
748       2      132  -380 132  380  -774  
749       18     135  -377 135  377  -774  
750       18     135  -377 135  377  -774  
751       13     135  -377 135  377  -760  
752       13     145  -367 145  367  -760  
753       12     145  -367 145  367  -754  
754       20     148  -364 148  362  -754  
755       20     148  -364 148  364  -754  
756       17     148  -363 149  364  -734  
757       17     155  -357 155  357  -734  
758       17     155  -357 155  357  -728  
759       13     164  -348 164  324  -728  
760       13     164  -348 164  348  -728  
761       17     164  -348 164  348  -714  
762       17     170  -342 170  342  -714  
763       16     170  -342 170  342  -696  
764       20     181  -331 181  333  -696  
765       20     181  -331 181  331  -696  
766       41     181  -331 181  331  -684  
767       41     185  -327 185  327  -684  
768       40     185  -327 185  327  -662  
769       4      192  -320 192  318  -662  
770       4      192  -320 192  320  -662  
771       10     192  -320 192  320  -654  
772       10     200  -312 200  312  -654  
773       10     200  -312 200  312  -640  
774       18     211  -301 211  301  -640  
775       18     211  -301 211  301  -640  
776       37     219  -293 219  301  -624  
777       37     218  -294 218  294  -624  
778       38     218  -294 218  294  -602  
779       10     227  -285 227  269  -602  
780       10     227  -285 227  285  -602  
781       9      227  -285 227  285  -588  
782       9      236  -276 236  276  -588  
783       9      236  -276 236  276  -570  
784       9      247  -265 247  257  -570  
785       9      247  -265 247  265  -570  
786       13     255  -257 255  265  -552  
787       13     254  -258 254  258  -552  
788       13     254  -258 254  258  -530  
789       29     263  -249 263  505  -530  
790       29     263  -249 263  249  -530  
791       13     263  -249 263  249  -516  
792       13     275  -237 275  237  -516  
793       14     275  -237 275  237  -498  
794       2      284  -228 284  224  -498  
795       2      284  -228 284  228  -498  
796       10     286  -226 286  228  -474  
797       10     295  -217 295  217  -474  
798       10     295  -217 295  217  -456  
799       34     303  -209 303  209  -456  
800       34     303  -209 303  209  -456  
801       13     303  -209 303  209  -434  
802       13     317  -195 317  195  -434  
803       13     317  -195 317  195  -418  
804       9      325  -187 325  187  -418  
805       9      325  -187 325  187  -418  
806       17     325  -187 325  187  -390  
807       17     333  -179 333  179  -390  
808       18     333  -179 333  179  -374  
809       18     344  -168 344  162  -374  
810       18     344  -168 344  168  -374  
811       20     344  -168 344  168  -358  
812       20     354  -158 354  158  -358  
813       20     354  -158 354  158  -336  
814       20     365  -147 365  149  -336  
815       20     365  -147 365  147  -336  
816       25     365  -147 365  147  -316  
817       25     378  -134 378  134  -316  
818       25     378  -134 378  134  -294  
819       5      389  -123 389  103  -294  
820       5      389  -123 389  123  -294  
821       17     389  -123 389  123  -268  
822       17     398  -114 398  114  -268  
823       17     398  -114 398  114  -246  
824       13     408  -104 408  100  -246  
825       13     408  -104 408  104  -246  
826       17     408  -104 408  104  -228  
827       17     420  -92  420  92   -228  
828       16     420  -92  420  92   -208  
829       8      432  -80  432  80   -208  
830       8      432  -80  432  80   -208  
831       16     432  -80  432  80   -184  
832       16     445  -67  445  67   -184  
833       16     445  -67  445  67   -160  
834       20     454  -58  454  60   -160  
835       20     454  -58  454  58   -160  
836       13     452  -60  452  58   -134  
837       13     464  -48  464  48   -134  
838       13     464  -48  464  48   -116  
839       37     478  -34  478  34   -116  
840       37     478  -34  478  34   -116  
841       17     478  -34  478  34   -96   
842       17     491  -21  491  21   -96   
843       17     491  -21  491  21   -68   
844       13     508  -4   500  4    -68   
845       13     500  -12  500  12   -68   
846       16     352  -160 352  28   -42   
847       16     0    -512 0    -512 -42   
848       17     512  0    512  0    24    
849       45     524  12   524  12   24    
850       45     524  12   524  12   24    
851       8      524  12   524  12   0     
852       8      534  22   534  22   0     
853       10     534  22   534  22   24    
854       2      547  35   547  39   24    
855       2      547  35   547  35   24    
856       13     547  35   547  35   44    
857       13     557  45   557  45   44    
858       14     557  45   557  45   70    
859       34     573  61   573  61   70    
860       34     573  61   573  61   70    
861       10     557  45   557  45   90    
862       10     578  66   578  66   90    
863       10     578  66   578  66   122   
864       26     593  81   593  81   122   
865       26     593  81   593  81   122   
866       13     593  81   593  81   132   
867       13     602  90   602  90   132   
868       14     602  90   602  90   162   
869       2      633  121  633  121  162   
870       2      617  105  617  105  162   
871       37     633  121  633  121  180   
872       37     627  115  627  115  180   
873       37     627  115  627  115  210   
874       45     637  125  637  125  210   
875       45     637  125  637  125  210   
876       5      637  125  637  125  230   
877       5      649  137  649  137  230   
878       5      649  137  649  137  250   
879       5      659  146  658  155  250   
880       5      658  146  658  146  250   
881       37     666  154  666  154  274   
882       37     668  156  668  156  274   
883       36     668  156  668  156  292   
884       8      697  185  697  185  292   
885       8      681  169  681  169  292   
886       17     697  185  697  169  312   
887       17     688  176  688  176  312   
888       18     688  176  688  176  338   
889       10     703  191  703  191  338   
890       10     703  191  703  191  338   
891       8      703  191  703  191  352   
892       8      713  201  713  201  352   
893       8      713  201  713  201  382   
894       8      723  211  723  219  382   
895       8      723  211  723  211  382   
896       45     731  219  731  219  402   
897       45     733  221  733  221  402   
898       45     733  221  733  221  422   
899       17     761  249  761  249  422   
900       17     745  233  745  233  422   
901       4      745  233  745  233  442   
902       4      750  238  750  238  442   
903       6      750  238  750  238  466   
904       34     760  248  760  248  466   
905       34     760  248  760  248  466   
906       45     744  232  744  232  476   
907       45     770  258  770  258  476   
908       45     770  258  770  258  496   
909       29     781  269  781  269  496   
910       29     781  269  781  269  496   
911       16     781  269  781  269  516   
912       16     790  278  790  278  516   
913       18     790  278  790  278  538   
914       10     801  289  801  289  538   
915       10     801  289  801  289  538   
916       5      801  289  801  289  556   
917       5      804  292  804  292  556   
918       5      804  292  804  292  578   
919       37     817  305  817  305  578   
920       37     817  305  817  305  578   
921       17     817  305  817  305  584   
922       17     824  312  824  312  584   
923       17     824  312  824  312  610   
924       5      835  323  835  323  610   
925       5      835  323  835  323  610   
926       5      835  323  835  323  624   
927       5      844  332  844  332  624   
928       5      844  332  844  332  646   
929       45     850  338  850  338  646   
930       45     850  338  850  338  646   
931       29     858  346  858  338  664   
932       29     858  346  858  346  664   
933       28     858  346  858  346  676   
934       40     862  350  862  350  676   
935       40     862  350  862  350  676   
936       10     862  350  862  350  692   
937       10     873  361  873  361  692   
938       9      873  361  873  361  700   
939       41     876  364  876  364  700   
940       41     876  364  876  364  700   
941       37     876  364  876  364  722   
942       37     888  376  888  376  722   
943       38     888  376  888  376  728   
944       26     895  383  895  383  728   
945       26     895  383  895  383  728   
946       10     895  383  895  383  752   
947       10     899  387  899  387  752   
948       10     899  387  899  387  766   
949       26     907  395  907  395  766   
950       26     907  395  907  395  766   
951       10     907  395  907  395  774   
952       10     912  400  912  400  774   
953       9      912  400  912  400  790   
954       5      920  408  920  408  790   
955       5      920  408  920  408  790   
956       25     920  408  920  408  800   
957       25     920  408  920  408  800   
958       25     920  408  920  408  816   
959       9      928  416  928  416  816   
960       9      928  416  928  416  816   
961       26     928  416  928  416  816   
962       26     933  421  933  421  816   
963       26     933  421  933  421  832   
964       34     939  427  939  427  832   
965       34     939  427  939  427  832   
966       37     939  427  939  427  842   
967       37     940  428  940  428  842   
968       36     940  428  940  428  854   
969       8      944  432  944  424  854   
970       8      944  432  944  432  854   
971       52     944  432  944  432  856   
972       52     951  439  951  439  856   
973       54     951  439  951  439  864   
974       34     952  440  952  440  864   
975       34     952  440  952  440  864   
976       13     952  440  952  440  878   
977       13     956  444  956  444  878   
978       13     956  444  956  444  880   
979       5      959  447  959  447  880   
980       5      959  447  959  447  880   
981       37     959  447  959  447  888   
982       37     965  453  965  453  888   
983       37     965  453  965  453  894   
984       1      965  453  965  453  894   
985       1      965  453  965  453  894   
986       13     965  453  965  453  906   
987       13     967  455  967  455  906   
988       13     967  455  967  455  906   
989       25     968  456  968  456  906   
990       25     968  456  968  456  906   
991       5      968  456  968  456  910   
992       5      969  457  969  457  910   
993       4      969  457  969  457  912   
994       40     973  461  973  461  912   
995       40     973  461  973  461  912   
996       53     973  461  973  461  914   
997       53     973  461  973  461  914   
998       53     973  461  973  461  922   
999       37     972  460  972  460  922   
1000      37     972  460  972  460  922   
1001      0      972  460  972  460  922   
1002      0      977  465  977  465  922   
1003      1      977  465  977  465  920   
1004      65     973  461  973  461  920   
1005      65     973  461  973  461  920   
1006      29     973  461  973  461  930   
1007      29     975  463  975  463  930   
1008      28     975  463  975  463  922   
1009      16     972  460  972  460  922   
1010      16     972  460  972  460  922   
1011      4      972  460  972  460  926   
1012      4      970  458  970  458  926   
1013      5      970  458  970  458  920   
1014      25     973  461  973  461  920   
1015      25     973  461  973  461  920   
1016      2      973  461  973  461  916   
1017      2      971  459  971  459  916   
1018      2      971  459  971  459  922   
1019      50     969  457  969  457  922   
1020      50     969  457  969  457  922   
1021      17     969  457  969  457  918   
1022      17     966  454  966  454  918   
1023      18     966  454  966  454  914   
1024      2      962  450  962  450  914   
1025      2      962  450  962  450  914   
1026      29     962  450  962  450  908   
1027      29     960  448  960  448  908   
1028      29     960  448  960  448  900   
1029      65     1022 510  1022 510  900   
1030      65     958  446  958  446  900   
1031      41     958  446  958  446  896   
1032      41     956  444  956  444  896   
1033      40     956  444  956  444  892   
1034      16     953  441  953  441  892   
1035      16     953  441  953  441  892   
1036      32     953  441  953  441  888   
1037      32     951  439  951  439  888   
1038      33     951  439  951  439  882   
1039      25     947  435  947  435  882   
1040      25     947  435  947  435  882   
1041      50     947  435  947  435  878   
1042      50     941  429  941  429  878   
1043      49     941  429  941  429  870   
1044      1      937  425  937  425  870   
1045      1      937  425  937  425  870   
1046      1      937  425  937  425  858   
1047      1      932  420  932  420  858   
1048      1      932  420  932  420  850   
1049      1      929  417  929  417  850   
1050      1      929  417  929  417  850   
1051      50     929  417  929  417  840   
1052      50     920  408  920  408  840   
1053      49     920  408  920  408  834   
1054      25     916  404  916  404  834   
1055      25     916  404  916  404  834   
1056      32     916  404  916  404  816   
1057      32     910  398  910  398  816   
1058      32     910  398  910  398  808   
1059      16     907  395  907  399  808   
1060      16     907  395  907  395  808   
1061      41     907  395  907  395  796   
1062      41     899  387  899  387  796   
1063      41     899  387  899  387  790   
1064      65     1020 508  1020 510  790   
1065      65     892  380  892  380  790   
1066      40     892  380  892  380  774   
1067      40     884  372  884  372  774   
1068      42     884  372  884  372  760   
1069      2      894  382  894  382  760   
1070      2      878  366  878  366  760   
1071      20     878  366  878  366  744   
1072      20     872  360  872  360  744   
1073      22     872  360  872  360  732   
1074      50     894  382  894  382  732   
1075      50     862  350  862  350  732   
1076      5      862  350  862  350  720   
1077      5      857  345  857  345  720   
1078      5      857  345  857  345  700   
1079      25     849  337  849  337  700   
1080      25     849  337  849  337  700   
1081      4      849  337  849  337  690   
1082      4      840  328  840  328  690   
1083      5      840  328  840  328  674   
1084      25     835  323  835  323  674   
1085      25     835  323  835  323  674   
1086      29     843  331  843  323  656   
1087      29     825  313  825  313  656   
1088      30     825  313  825  313  646   
1089      74     816  304  816  304  646   
1090      74     816  304  816  304  646   
1091      0      816  304  816  304  626   
1092      0      809  297  809  297  626   
1093      1      809  297  809  297  608   
1094      37     830  318  830  318  608   
1095      37     798  286  798  286  608   
1096      53     798  286  798  286  594   
1097      53     789  277  789  277  594   
1098      54     789  277  789  277  572   
1099      34     780  268  780  284  572   
1100      34     780  268  780  268  572   
1101      8      772  260  772  268  554   
1102      8      771  259  771  259  554   
1103      8      771  259  771  259  536   
1104      32     1017 505  1017 505  536   
1105      32     761  249  761  249  536   
1106      13     761  249  761  249  518   
1107      13     753  241  753  241  518   
1108      13     753  241  753  241  498   
1109      1      740  228  740  228  498   
1110      1      740  228  740  228  498   
1111      37     757  245  757  229  482   
1112      37     731  219  731  219  482   
1113      38     731  219  731  219  456   
1114      10     721  209  721  209  456   
1115      10     721  209  721  209  456   
1116      20     721  209  721  209  438   
1117      20     713  201  713  201  438   
1118      21     713  201  713  201  418   
1119      41     765  253  765  253  418   
1120      41     701  189  701  189  418   
1121      52     701  189  701  189  402   
1122      52     688  176  688  176  402   
1123      53     688  176  688  176  378   
1124      5      678  166  678  166  378   
1125      5      678  166  678  166  378   
1126      37     694  166  694  166  352   
1127      37     666  154  666  154  352   
1128      38     666  154  666  154  332   
1129      34     657  145  657  145  332   
1130      34     657  145  657  145  332   
1131      26     657  145  657  145  308   
1132      26     646  134  646  134  308   
1133      25     646  134  646  134  290   
1134      9      764  252  764  252  290   
1135      9      636  124  636  124  290   
1136      25     636  124  636  124  268   
1137      25     625  113  625  113  268   
1138      24     625  113  625  113  248   
1139      8      613  101  613  101  248   
1140      8      613  101  613  101  248   
1141      13     613  101  613  101  226   
1142      13     600  88   600  88   226   
1143      14     600  88   600  88   202   
1144      26     590  78   590  78   202   
1145      26     590  78   590  78   202   
1146      9      590  78   590  78   176   
1147      9      578  66   578  66   176   
1148      10     578  66   578  66   156   
1149      26     632  120  632  120  156   
1150      26     568  56   568  56   156   
1151      36     568  56   568  56   132   
1152      36     556  44   556  44   132   
1153      38     556  44   556  44   112   
1154      50     547  35   547  35   112   
1155      50     547  35   547  35   112   
1156      10     547  35   547  35   88    
1157      10     534  22   534  22   88    
1158      9      534  22   534  22   70    
1159      37     523  11   523  11   70    
1160      37     523  11   523  11   70    
1161      29     763  251  763  251  44    
1162      29     1023 511  1023 511  44    
1163      29     511  -1   511  1    22    
1164      45     499  -13  499  5    22    
1165      45     499  -13  499  13   22    
1166      2      499  -13  499  13   -1022 
1167      2      487  -25  487  25   -1022 
1168      1      487  -25  487  25   -26   
1169      5      508  -4   508  0    -26   
1170      5      476  -36  476  36   -26   
1171      10     476  -36  476  36   -50   
1172      10     465  -47  465  47   -50   
1173      9      465  -47  465  47   -72   
1174      37     454  -58  454  58   -72   
1175      37     454  -58  454  58   -72   
1176      5      470  -42  470  42   -94   
1177      5      445  -67  445  67   -94   
1178      5      445  -67  445  67   -116  
1179      17     433  -79  433  79   -116  
1180      17     433  -79  433  79   -116  
1181      17     433  -79  433  79   -134  
1182      17     421  -91  421  91   -134  
1183      17     421  -91  421  91   -158  
1184      29     441  -71  441  71   -158  
1185      29     409  -103 409  103  -158  
1186      45     413  -99  413  103  -182  
1187      45     399  -113 399  113  -182  
1188      45     399  -113 399  113  -206  
1189      25     386  -126 386  124  -206  
1190      25     386  -126 386  126  -206  
1191      9      442  -70  442  126  -226  
1192      9      376  -136 376  136  -226  
1193      8      376  -136 376  136  -252  
1194      16     365  -147 365  131  -252  
1195      16     365  -147 365  147  -252  
1196      45     365  -147 365  147  -272  
1197      45     357  -155 357  155  -272  
1198      44     357  -155 357  155  -294  
1199      8      375  -138 374  153  -294  
1200      8      342  -170 342  170  -294  
1201      13     326  -186 326  170  -310  
1202      13     332  -180 332  180  -310  
1203      14     332  -180 332  180  -340  
1204      10     322  -190 322  190  -340  
1205      10     322  -190 322  190  -340  
1206      17     330  -182 330  190  -360  
1207      17     313  -199 313  199  -360  
1208      16     313  -199 313  199  -380  
1209      8      302  -210 302  210  -380  
1210      8      302  -210 302  210  -380  
1211      37     302  -210 302  210  -398  
1212      37     290  -222 290  222  -398  
1213      37     290  -222 290  222  -420  
1214      5      314  -198 314  198  -420  
1215      5      282  -230 282  230  -420  
1216      5      282  -230 282  230  -444  
1217      5      273  -239 273  239  -444  
1218      5      273  -239 273  239  -460  
1219      45     262  -250 262  250  -460  
1220      45     262  -250 262  250  -460  
1221      50     510  -2   510  202  -478  
1222      50     254  -258 254  258  -478  
1223      49     254  -258 254  258  -500  
1224      5      244  -268 244  268  -500  
1225      5      244  -268 244  268  -500  
1226      8      244  -268 244  268  -516  
1227      8      237  -275 237  275  -516  
1228      10     237  -275 237  275  -536  
1229      26     227  -285 227  283  -536  
1230      26     227  -285 227  285  -536  
1231      10     227  -285 227  285  -550  
1232      10     216  -296 216  296  -550  
1233      9      216  -296 216  296  -570  
1234      29     208  -304 208  304  -570  
1235      29     208  -304 208  304  -570  
1236      13     208  -304 208  304  -592  
1237      13     200  -312 200  312  -592  
1238      14     200  -312 200  312  -608  
1239      2      192  -320 192  320  -608  
1240      2      192  -320 192  320  -608  
1241      5      216  -296 216  320  -624  
1242      5      185  -327 185  327  -624  
1243      5      185  -327 185  327  -640  
1244      45     177  -335 177  335  -640  
1245      45     177  -335 177  335  -640  
1246      9      177  -335 177  335  -654  
1247      9      168  -344 168  344  -654  
1248      10     168  -344 168  344  -670  
1249      10     163  -349 163  349  -670  
1250      10     163  -349 163  349  -670  
1251      20     171  -341 171  349  -688  
1252      20     154  -358 154  358  -688  
1253      20     154  -358 154  358  -698  
1254      36     149  -363 149  365  -698  
1255      36     149  -363 149  363  -698  
1256      13     151  -361 151  363  -716  
1257      13     143  -369 143  369  -716  
1258      12     143  -369 143  369  -726  
1259      20     137  -375 137  375  -726  
1260      20     137  -375 137  375  -726  
1261      17     137  -375 137  375  -738  
1262      17     129  -383 129  383  -738  
1263      16     129  -383 129  383  -750  
1264      8      253  -259 253  259  -750  
1265      8      125  -387 125  387  -750  
1266      17     125  -387 125  387  -766  
1267      17     116  -396 116  396  -766  
1268      17     116  -396 116  396  -774  
1269      13     112  -400 112  392  -774  
1270      13     112  -400 112  400  -774  
1271      17     116  -396 116  400  -792  
1272      17     109  -403 109  403  -792  
1273      17     109  -403 109  403  -800  
1274      5      103  -409 103  409  -800  
1275      5      103  -409 103  409  -800  
1276      25     103  -409 103  409  -806  
1277      25     96   -416 96   416  -806  
1278      25     96   -416 96   416  -818  
1279      13     126  -386 126  386  -818  
1280      13     94   -418 94   418  -818  
1281      20     94   -418 94   418  -832  
1282      20     88   -424 88   424  -832  
1283      22     88   -424 88   424  -836  
1284      18     84   -428 84   420  -836  
1285      18     84   -428 84   428  -836  
1286      17     84   -428 84   428  -848  
1287      17     83   -429 83   429  -848  
1288      17     83   -429 83   429  -856  
1289      9      95   -417 95   417  -856  
1290      9      79   -433 79   433  -856  
1291      13     79   -433 79   433  -858  
1292      13     77   -435 77   435  -858  
1293      14     77   -435 77   435  -866  
1294      34     72   -440 72   438  -866  
1295      34     72   -440 72   440  -866  
1296      10     72   -440 72   440  -870  
1297      10     70   -442 70   442  -870  
1298      10     70   -442 70   442  -880  
1299      2      69   -443 69   445  -880  
1300      2      69   -443 69   443  -880  
1301      13     69   -443 69   443  -884  
1302      13     67   -445 67   445  -884  
1303      13     67   -445 67   445  -886  
1304      29     66   -446 66   444  -886  
1305      29     66   -446 66   446  -886  
1306      25     66   -446 66   446  -890  
1307      25     65   -447 65   447  -890  
1308      26     65   -447 65   447  -892  
1309      10     127  -385 127  385  -892  
1310      10     63   -449 63   449  -892  
1311      10     63   -449 63   449  -894  
1312      10     62   -450 62   450  -894  
1313      10     62   -450 62   450  -898  
1314      10     63   -449 63   449  -898  
1315      10     63   -449 63   449  -898  
1316      26     63   -449 63   449  -900  
1317      26     62   -450 62   450  -900  
1318      26     62   -450 62   450  -898  
1319      18     63   -449 63   449  -898  
1320      18     63   -449 63   449  -898  
1321      10     63   -449 63   449  -900  
1322      10     62   -450 62   450  -900  
1323      8      62   -450 62   450  -898  
1324      4      62   -450 62   450  -898  
1325      4      62   -450 62   450  -898  
1326      32     62   -450 62   450  -900  
1327      32     65   -447 65   447  -900  
1328      32     65   -447 65   447  -900  
1329      20     67   -445 67   445  -900  
1330      20     67   -445 67   445  -900  
1331      10     67   -445 67   445  -894  
1332      10     69   -443 69   443  -894  
1333      8      69   -443 69   443  -890  
1334      8      68   -444 68   442  -890  
1335      8      68   -444 68   444  -890  
1336      17     68   -444 68   444  -886  
1337      17     68   -444 68   444  -886  
1338      16     68   -444 68   444  -888  
1339      20     79   -433 79   433  -888  
1340      20     75   -437 75   437  -888  
1341      10     75   -437 75   437  -888  
1342      10     75   -437 75   437  -888  
1343      8      75   -437 75   437  -874  
1344      32     78   -434 78   432  -874  
1345      32     78   -434 78   434  -874  
1346      2      78   -434 78   434  -874  
1347      2      83   -429 83   429  -874  
1348      0      83   -429 83   429  -868  
1349      16     82   -430 82   430  -868  
1350      16     82   -430 82   430  -868  
1351      17     82   -430 82   430  -858  
1352      17     90   -422 90   422  -858  
1353      17     90   -422 90   422  -860  
1354      41     95   -417 95   417  -860  
1355      41     95   -417 95   417  -860  
1356      4      95   -417 95   417  -844  
1357      4      99   -413 99   413  -844  
1358      4      99   -413 99   413  -834  
1359      20     104  -408 104  400  -834  
1360      20     104  -408 104  408  -834  
1361      25     104  -408 104  408  -826  
1362      25     108  -404 108  404  -826  
1363      24     108  -404 108  404  -816  
1364      20     113  -399 113  415  -816  
1365      20     113  -399 113  399  -816  
1366      17     113  -399 113  399  -808  
1367      17     118  -394 118  394  -808  
1368      16     118  -394 118  394  -798  
1369      20     124  -388 124  388  -798  
1370      20     124  -388 124  388  -798  
1371      10     116  -396 116  388  -788  
1372      10     133  -379 133  379  -788  
1373      10     133  -379 133  379  -776  
1374      2      135  -377 135  377  -776  
1375      2      135  -377 135  377  -776  
1376      50     135  -377 135  377  -758  
1377      50     142  -370 142  370  -758  
1378      49     142  -370 142  370  -754  
1379      9      148  -364 148  364  -754  
1380      9      148  -364 148  364  -754  
1381      5      148  -364 148  364  -740  
1382      5      154  -358 154  358  -740  
1383      6      154  -358 154  358  -728  
1384      18     162  -350 162  334  -728  
1385      18     162  -350 162  350  -728  
1386      50     162  -350 162  350  -716  
1387      50     170  -342 170  342  -716  
1388      48     170  -342 170  342  -700  
1389      8      176  -336 176  334  -700  
1390      8      176  -336 176  336  -700  
1391      26     184  -328 184  336  -684  
1392      26     185  -327 185  327  -684  
1393      26     185  -327 185  327  -672  
1394      34     192  -320 192  448  -672  
1395      34     192  -320 192  320  -672  
1396      17     192  -320 192  320  -654  
1397      17     202  -310 202  310  -654  
1398      18     202  -310 202  310  -640  
1399      10     209  -303 209  337  -640  
1400      10     209  -303 209  303  -640  
1401      32     217  -295 217  303  -620  
1402      32     220  -292 220  292  -620  
1403      34     220  -292 220  292  -606  
1404      10     227  -285 227  301  -606  
1405      10     227  -285 227  285  -606  
1406      13     227  -285 227  285  -584  
1407      13     236  -276 236  276  -584  
1408      14     236  -276 236  276  -570  
1409      26     244  -268 244  268  -570  
1410      26     244  -268 244  268  -570  
1411      5      228  -284 228  284  -552  
1412      5      256  -256 256  256  -552  
1413      4      256  -256 256  256  -536  
1414      16     263  -249 263  249  -536  
1415      16     263  -249 263  249  -536  
1416      50     263  -249 263  249  -512  
1417      50     274  -238 274  238  -512  
1418      48     274  -238 274  238  -498  
1419      32     282  -230 282  230  -498  
1420      32     282  -230 282  230  -498  
1421      1      274  -238 274  230  -476  
1422      1      290  -222 290  222  -476  
1423      1      290  -222 290  222  -460  
1424      37     307  -205 307  205  -460  
1425      37     307  -205 307  205  -460  
1426      41     307  -205 307  205  -444  
1427      41     315  -197 315  197  -444  
1428      40     315  -197 315  197  -410  
1429      20     327  -185 327  189  -410  
1430      20     327  -185 327  185  -410  
1431      4      327  -185 327  185  -394  
1432      4      332  -180 332  180  -394  
1433      5      332  -180 332  180  -370  
1434      13     351  -161 351  161  -370  
1435      13     347  -165 347  165  -370  
1436      10     347  -165 347  165  -360  
1437      10     356  -156 356  156  -360  
1438      9      356  -156 356  156  -330  
1439      45     364  -148 364  148  -330  
1440      45     364  -148 364  148  -330  
1441      9      364  -148 364  148  -312  
1442      9      378  -134 378  134  -312  
1443      10     378  -134 378  134  -296  
1444      10     388  -123 389  116  -296  
1445      10     389  -123 389  123  -296  
1446      26     389  -123 389  123  -268  
1447      26     399  -113 399  113  -268  
1448      24     399  -113 399  113  -246  
1449      68     413  -99  413  99   -246  
1450      68     413  -99  413  99   -246  
1451      34     413  -99  413  99   -226  
1452      34     420  -92  420  92   -226  
1453      33     420  -92  420  92   -198  
1454      25     432  -80  432  76   -198  
1455      25     432  -80  432  80   -198  
1456      17     436  -76  436  80   -184  
1457      17     445  -67  445  67   -184  
1458      17     445  -67  445  67   -160  
1459      25     455  -57  455  57   -160  
1460      25     455  -57  455  57   -160  
1461      41     455  -57  455  57   -134  
1462      41     467  -45  467  45   -134  
1463      42     467  -45  467  45   -114  
1464      10     476  -36  476  32   -114  
1465      10     476  -36  476  36   -114  
1466      2      476  -36  476  36   -90   
1467      2      492  -20  492  20   -90   
1468      2      492  -20  492  20   -72   
1469      2      499  -13  499  1    -72   
1470      2      499  -13  499  13   -72   
1471      40     355  -157 355  29   -40   
1472      40     0    -512 0    -512 -40   
1473      41     512  0    512  0    26    
1474      5      522  10   522  10   26    
1475      5      522  10   522  10   26    
1476      68     522  10   522  10   0     
1477      68     537  25   537  25   0     
1478      68     537  25   537  25   20    
1479      8      544  32   544  32   20    
1480      8      544  32   544  32   20    
1481      26     552  40   552  32   50    
1482      26     559  47   559  47   50    
1483      25     559  47   559  47   64    
1484      41     570  58   570  58   64    
1485      41     570  58   570  58   64    
1486      65     554  42   554  58   94    
1487      65     581  69   581  69   94    
1488      65     581  69   581  69   116   
1489      1      592  80   592  80   116   
1490      1      592  80   592  80   116   
1491      13     596  84   596  80   138   
1492      13     607  95   607  95   138   
1493      13     607  95   607  95   160   
1494      29     615  103  615  119  160   
1495      29     615  103  615  103  160   
1496      13     631  119  631  103  190   
1497      13     626  114  626  114  190   
1498      13     626  114  626  114  206   
1499      29     639  127  639  127  206   
1500      29     639  127  639  127  206   
1501      2      639  127  639  127  228   
1502      2      651  139  651  139  228   
1503      2      651  139  651  139  254   
1504      10     659  147  659  155  254   
1505      10     659  147  659  147  254   
1506      17     659  147  659  147  278   
1507      17     673  161  673  161  278   
1508      17     673  161  673  161  294   
1509      97     683  171  683  171  294   
1510      97     683  171  683  171  294   
1511      1      683  171  683  171  322   
1512      1      690  178  690  178  322   
1513      1      690  178  690  178  342   
1514      25     700  188  700  190  342   
1515      25     700  188  700  188  342   
1516      41     700  188  700  188  356   
1517      41     713  201  713  201  356   
1518      41     713  201  713  201  376   
1519      73     723  211  723  219  376   
1520      73     723  211  723  211  376   
1521      13     731  219  731  219  402   
1522      13     730  218  730  218  402   
1523      14     730  218  730  218  422   
1524      26     742  230  742  246  422   
1525      26     742  230  742  230  422   
1526      10     754  242  754  230  436   
1527      10     753  241  753  241  436   
1528      9      753  241  753  241  460   
1529      17     761  249  761  249  460   
1530      17     761  249  761  249  460   
1531      53     753  241  753  249  482   
1532      53     773  261  773  261  482   
1533      53     773  261  773  261  498   
1534      5      778  266  778  264  498   
1535      5      778  266  778  266  498   
1536      8      776  264  776  264  522   
1537      8      792  280  792  280  522   
1538      8      792  280  792  280  532   
1539      32     798  286  798  286  532   
1540      32     798  286  798  286  532   
1541      80     798  286  798  286  560   
1542      80     807  295  807  295  560   
1543      80     807  295  807  295  572   
1544      4      816  304  816  304  572   
1545      4      816  304  816  304  572   
1546      45     818  306  818  304  590   
1547      45     827  315  827  315  590   
1548      45     827  315  827  315  608   
1549      49     835  323  835  323  608   
1550      49     835  323  835  323  608   
1551      52     835  323  835  323  630   
1552      52     842  330  842  330  630   
1553      52     842  330  842  330  646   
1554      16     850  338  850  338  646   
1555      16     850  338  850  338  646   
1556      29     858  346  858  338  660   
1557      29     859  347  859  347  660   
1558      30     859  347  859  347  676   
1559      10     862  350  862  350  676   
1560      10     862  350  862  350  676   
1561      32     858  346  858  350  694   
1562      32     872  360  872  360  694   
1563      33     872  360  872  360  700   
1564      25     878  366  878  366  700   
1565      25     878  366  878  366  700   
1566      5      878  366  878  366  720   
1567      5      888  376  888  376  720   
1568      5      888  376  888  376  732   
1569      25     895  383  895  383  732   
1570      25     895  383  895  383  732   
1571      52     895  383  895  383  752   
1572      52     901  389  901  389  752   
1573      52     901  389  901  389  766   
1574      40     908  396  908  396  766   
1575      40     908  396  908  396  766   
1576      36     908  396  908  396  778   
1577      36     913  401  913  401  778   
1578      38     913  401  913  401  792   
1579      58     919  407  919  407  792   
1580      58     919  407  919  407  792   
1581      29     919  407  919  407  802   
1582      29     920  408  920  408  802   
1583      28     920  408  920  408  814   
1584      52     931  419  931  435  814   
1585      52     931  419  931  419  814   
1586      18     931  419  931  419  816   
1587      18     932  420  932  420  816   
1588      17     932  420  932  420  838   
1589      13     939  427  939  427  838   
1590      13     939  427  939  427  838   
1591      13     939  427  939  427  840   
1592      13     940  428  940  428  840   
1593      13     940  428  940  428  854   
1594      41     944  432  944  424  854   
1595      41     944  432  944  432  854   
1596      5      944  432  944  432  856   
1597      5      951  439  951  439  856   
1598      4      951  439  951  439  864   
1599      40     952  440  952  440  864   
1600      40     952  440  952  440  864   
1601      41     952  440  952  440  878   
1602      41     956  444  956  444  878   
1603      41     956  444  956  444  880   
1604      29     958  446  958  446  880   
1605      29     958  446  958  446  880   
1606      36     958  446  958  446  888   
1607      36     965  453  965  453  888   
1608      36     965  453  965  453  892   
1609      80     964  452  964  452  892   
1610      80     964  452  964  452  892   
1611      17     964  453  965  452  906   
1612      17     967  455  967  455  906   
1613      18     967  455  967  455  904   
1614      10     969  457  969  461  904   
1615      10     969  457  969  457  904   
1616      52     969  457  969  457  910   
1617      52     971  459  971  459  910   
1618      53     971  459  971  459  914   
1619      37     973  461  973  461  914   
1620      37     973  461  973  461  914   
1621      13     973  461  973  461  918   
1622      13     972  460  972  460  918   
1623      13     972  460  972  460  922   
1624      1      973  461  973  461  922   
1625      1      973  461  973  461  922   
1626      13     973  461  973  461  920   
1627      13     975  463  975  463  920   
1628      14     975  463  975  463  922   
1629      2      972  460  972  460  922   
1630      2      972  460  972  460  922   
1631      85     972  461  973  460  926   
1632      85     975  463  975  463  926   
1633      85     975  463  975  463  920   
1634      17     975  463  975  463  920   
1635      17     975  463  975  463  920   
1636      10     975  463  975  463  926   
1637      10     972  460  972  460  926   
1638      8      972  460  972  460  926   
1639      36     973  461  973  461  926   
1640      36     973  461  973  461  926   
1641      100    973  461  973  461  920   
1642      100    972  460  972  460  920   
1643      102    972  460  972  460  922   
1644      10     969  457  969  461  922   
1645      10     969  457  969  457  922   
1646      13     969  457  969  457  920   
1647      13     969  457  969  457  920   
1648      13     969  457  969  457  914   
1649      25     965  453  965  461  914   
1650      25     965  453  965  453  914   
1651      25     965  453  965  453  914   
1652      25     962  450  962  450  914   
1653      26     962  450  962  450  906   
1654      34     1023 511  1023 511  906   
1655      34     959  447  959  447  906   
1656      2      959  447  959  447  900   
1657      2      956  444  956  444  900   
1658      1      956  444  956  444  894   
1659      1      953  441  953  441  894   
1660      1      953  441  953  441  894   
1661      5      953  441  953  441  888   
1662      5      948  436  948  436  888   
1663      5      948  436  948  436  882   
1664      101    946  434  946  434  882   
1665      101    946  434  946  434  882   
1666      5      946  434  946  434  872   
1667      5      943  431  943  431  872   
1668      5      943  431  943  431  868   
1669      29     936  424  936  424  868   
1670      29     936  424  936  424  868   
1671      20     936  424  936  424  862   
1672      20     931  419  931  419  862   
1673      21     931  419  931  419  848   
1674      85     958  446  958  446  848   
1675      85     926  414  926  414  848   
1676      20     926  414  926  414  838   
1677      20     923  411  923  411  838   
1678      22     923  411  923  411  828   
1679      34     919  407  919  415  828   
1680      34     919  407  919  407  828   
1681      8      919  407  919  407  822   
1682      8      912  400  912  400  822   
1683      9      912  400  912  400  814   
1684      13     923  411  923  411  814   
1685      13     907  395  907  395  814   
1686      29     899  387  899  395  800   
1687      29     899  387  899  387  800   
1688      30     899  387  899  387  790   
1689      2      1020 508  1020 510  790   
1690      2      892  380  892  380  790   
1691      26     892  380  892  380  774   
1692      26     886  374  886  374  774   
1693      26     886  374  886  374  760   
1694      10     881  369  881  369  760   
1695      10     881  369  881  369  760   
1696      36     881  369  881  369  748   
1697      36     870  358  870  358  748   
1698      38     870  358  870  358  738   
1699      18     894  382  894  382  738   
1700      18     862  350  862  350  738   
1701      80     862  350  862  350  716   
1702      80     857  345  857  345  716   
1703      81     857  345  857  345  700   
1704      17     850  338  850  338  700   
1705      17     850  338  850  338  700   
1706      29     850  338  850  338  690   
1707      29     840  328  840  328  690   
1708      29     840  328  840  328  676   
1709      25     832  320  832  320  676   
1710      25     832  320  832  320  676   
1711      20     856  344  856  320  656   
1712      20     827  315  827  315  656   
1713      20     827  315  827  315  640   
1714      16     814  302  814  302  640   
1715      16     814  302  814  302  640   
1716      18     814  302  814  302  630   
1717      18     807  295  807  295  630   
1718      17     807  295  807  295  604   
1719      5      830  318  830  318  604   
1720      5      798  286  798  286  604   
1721      2      798  286  798  286  590   
1722      2      788  276  788  276  590   
1723      2      788  276  788  276  572   
1724      50     780  268  780  284  572   
1725      50     780  268  780  268  572   
1726      13     772  260  772  268  552   
1727      13     773  261  773  261  552   
1728      13     773  261  773  261  536   
1729      13     1023 511  1023 511  536   
1730      13     763  251  763  251  536   
1731      40     767  255  767  251  522   
1732      40     750  238  750  238  522   
1733      42     750  238  750  238  502   
1734      58     741  229  741  229  502   
1735      58     741  229  741  229  502   
1736      13     741  229  741  229  476   
1737      13     731  219  731  219  476   
1738      13     731  219  731  219  458   
1739      25     718  206  718  206  458   
1740      25     718  206  718  206  458   
1741      41     718  206  718  206  438   
1742      41     710  198  710  198  438   
1743      41     710  198  710  198  412   
1744      9      767  255  767  255  412   
1745      9      703  191  703  191  412   
1746      13     703  191  703  191  396   
1747      13     689  177  689  177  396   
1748      13     689  177  689  177  382   
1749      13     681  169  681  185  382   
1750      13     681  169  681  169  382   
1751      13     697  185  697  169  354   
1752      13     668  156  668  156  354   
1753      13     668  156  668  156  338   
1754      25     659  147  659  147  338   
1755      25     659  147  659  147  338   
1756      17     659  147  659  147  312   
1757      17     647  135  647  135  312   
1758      17     647  135  647  135  294   
1759      1      763  251  763  251  294   
1760      1      635  123  635  123  294   
1761      16     635  123  635  123  270   
1762      16     625  113  625  113  270   
1763      17     625  113  625  113  246   
1764      65     612  100  612  100  246   
1765      65     612  100  612  100  246   
1766      13     628  116  628  100  226   
1767      13     603  91   603  91   226   
1768      13     603  91   603  91   200   
1769      1      590  78   590  78   200   
1770      1      590  78   590  78   200   
1771      10     590  78   590  78   182   
1772      10     578  66   578  66   182   
1773      9      578  66   578  66   156   
1774      53     632  120  632  120  156   
1775      53     568  56   568  56   156   
1776      10     568  56   568  56   132   
1777      10     552  40   552  40   132   
1778      10     552  40   552  40   112   
1779      2      547  35   547  35   112   
1780      2      547  35   547  35   112   
1781      8      547  35   547  35   80    
1782      8      534  22   534  22   80    
1783      9      534  22   534  22   70    
1784      17     522  10   522  10   70    
1785      17     522  10   522  10   70    
1786      34     762  250  762  250  44    
1787      34     1023 511  1023 511  44    
1788      32     511  -1   511  1    20    
1789      4      501  -11  501  1    20    
1790      4      501  -11  501  11   20    
1791      10     501  -11  501  11   -1022 
