Signal Legend:

Key        Signal Name

0        = amp
1        = data_in
2        = sub:u_sub|result
3        = sub:u_sub|dataa
4        = data_o
5        = fftcore:u_fftcore|sink_real

Data Table:

Signals-> 0   1    2    3    4    5     

sample

-256      80  906  394  906  394  796   
-255      50  906  394  906  394  794   
-254      50  910  398  910  398  794   
-253      49  910  398  910  398  788   
-252      73  908  396  908  396  788   
-251      73  908  396  908  396  788   
-250      8   908  396  908  396  796   
-249      8   913  401  913  401  796   
-248      9   913  401  913  401  792   
-247      89  913  401  913  401  792   
-246      89  913  401  913  401  792   
-245      149 913  401  913  401  802   
-244      149 913  401  913  401  802   
-243      149 913  401  913  401  802   
-242      1   912  400  912  400  802   
-241      1   912  400  912  400  802   
-240      2   912  400  912  400  802   
-239      2   912  400  912  400  802   
-238      1   912  400  912  400  800   
-237      13  913  401  913  401  800   
-236      13  913  401  913  401  800   
-235      274 913  401  913  401  800   
-234      274 915  403  915  403  800   
-233      273 915  403  915  403  802   
-232      1   927  415  927  415  802   
-231      1   911  399  911  399  802   
-230      5   911  399  911  399  806   
-229      5   908  396  908  396  806   
-228      5   908  396  908  396  798   
-227      13  903  391  903  391  798   
-226      13  903  391  903  391  798   
-225      58  903  391  903  391  792   
-224      58  898  386  898  386  792   
-223      58  898  386  898  386  782   
-222      82  1019 507  1019 507  782   
-221      82  891  379  891  379  782   
-220      10  891  379  891  379  772   
-219      10  883  371  883  371  772   
-218      9   883  371  883  371  758   
-217      65  888  376  888  376  758   
-216      65  872  360  872  360  758   
-215      16  890  378  890  360  742   
-214      16  859  347  859  347  742   
-213      17  859  347  859  347  720   
-212      37  844  332  844  328  720   
-211      37  844  332  844  332  720   
-210      10  860  348  860  332  694   
-209      10  828  316  828  316  694   
-208      10  828  316  828  316  664   
-207      34  813  301  813  301  664   
-206      34  813  301  813  301  664   
-205      10  813  301  813  301  632   
-204      10  793  281  793  281  632   
-203      9   793  281  793  281  602   
-202      13  772  260  772  260  602   
-201      13  772  260  772  260  602   
-200      10  1004 493  1005 260  562   
-199      10  751  239  751  239  562   
-198      9   751  239  751  239  520   
-197      25  729  217  729  217  520   
-196      25  729  217  729  217  520   
-195      5   713  201  713  201  478   
-194      5   704  192  704  192  478   
-193      5   704  192  704  192  434   
-192      5   744  232  680  232  434   
-191      5   680  168  680  168  434   
-190      25  680  168  680  168  384   
-189      25  656  144  656  144  384   
-188      25  656  144  656  144  336   
-187      13  632  120  632  248  336   
-186      13  632  120  632  120  336   
-185      157 632  120  632  120  288   
-184      157 613  101  613  101  288   
-183      156 613  101  613  101  240   
-182      8   591  79   591  79   240   
-181      8   591  79   591  79   240   
-180      1   623  111  623  79   202   
-179      1   569  57   569  57   202   
-178      2   569  57   569  57   158   
-177      10  549  37   549  37   158   
-176      10  549  37   549  37   158   
-175      53  549  37   549  37   114   
-174      53  531  19   531  19   114   
-173      52  531  19   531  19   74    
-172      148 515  3    515  3    74    
-171      148 515  3    515  3    74    
-170      49  755  243  755  243  38    
-169      49  1010 498  1010 498  38    
-168      50  498  -14  498  14   6     
-167      50  487  -25  487  25   6     
-166      50  487  -25  487  25   6     
-165      50  487  -25  487  25   -996  
-164      50  476  -36  476  36   -996  
-163      49  476  -36  476  36   -50   
-162      233 469  -43  469  43   -50   
-161      233 469  -43  469  43   -50   
-160      18  469  -43  469  43   -72   
-159      18  465  -47  465  47   -72   
-158      18  465  -47  465  47   -86   
-157      50  477  -35  477  35   -86   
-156      50  461  -51  461  51   -86   
-155      25  461  -51  461  51   -94   
-154      25  461  -51  461  51   -94   
-153      25  461  -51  461  51   -102  
-152      157 460  -52  460  50   -102  
-151      157 460  -52  460  52   -102  
-150      45  460  -52  460  52   -102  
-149      45  465  -47  465  47   -102  
-148      46  465  -47  465  47   -104  
-147      10  469  -43  469  43   -104  
-146      10  469  -43  469  43   -104  
-145      146 469  -43  469  43   -94   
-144      146 477  -35  477  35   -94   
-143      145 477  -35  477  35   -86   
-142      125 483  -29  483  47   -86   
-141      125 483  -29  483  29   -86   
-140      10  483  -29  483  29   -70   
-139      10  491  -21  491  21   -70   
-138      9   491  -21  491  21   -58   
-137      25  503  -9   503  1    -58   
-136      25  503  -9   503  9    -58   
-135      10  355  -157 355  25   -42   
-134      10  1    -511 1    511  -42   
-133      9   513  1    513  1    18    
-132      25  523  11   523  11   18    
-131      25  523  11   523  11   18    
-130      74  523  11   523  11   2     
-129      74  532  20   532  20   2     
-128      73  532  20   532  20   22    
-127      25  545  33   545  33   22    
-126      25  545  33   545  33   22    
-125      45  545  33   545  33   40    
-124      45  548  36   548  36   40    
-123      46  548  36   548  36   66    
-122      10  560  48   560  48   66    
-121      10  560  48   560  48   66    
-120      13  560  48   560  48   72    
-119      13  564  52   564  52   72    
-118      13  564  52   564  52   96    
-117      13  573  61   573  61   96    
-116      13  573  61   573  61   96    
-115      25  565  53   565  53   104   
-114      25  577  65   577  65   104   
-113      26  577  65   577  65   122   
-112      26  576  64   576  64   122   
-111      26  576  64   576  64   122   
-110      13  576  64   576  64   130   
-109      13  577  65   577  65   130   
-108      13  577  65   577  65   128   
-107      13  634  122  634  122  128   
-106      13  570  58   570  58   128   
-105      13  570  58   570  58   130   
-104      13  565  53   565  53   130   
-103      13  565  53   565  53   116   
-102      41  574  62   574  62   116   
-101      41  558  46   558  46   116   
-100      40  558  46   558  46   106   
-99       40  551  39   551  39   106   
-98       40  551  39   551  39   92    
-97       40  566  54   566  38   92    
-96       40  534  22   534  22   92    
-95       58  518  6    518  22   78    
-94       58  520  8    520  8    78    
-93       56  520  8    520  8    44    
-92       148 1017 505  1017 505  44    
-91       148 1017 505  1017 505  44    
-90       36  505  -7   505  7    16    
-89       36  487  -25  487  25   16    
-88       36  487  -25  487  25   -1010 
-87       8   466  -46  466  12   -1010 
-86       8   466  -46  466  46   -1010 
-85       10  498  -14  498  46   -50   
-84       10  444  -68  444  68   -50   
-83       8   444  -68  444  68   -92   
-82       4   424  -88  424  72   -92   
-81       4   424  -88  424  88   -92   
-80       340 424  -88  424  88   -136  
-79       340 400  -112 400  112  -136  
-78       342 400  -112 400  112  -176  
-77       10  507  -5   507  5    -176  
-76       10  379  -133 379  133  -176  
-75       100 379  -133 379  133  -224  
-74       100 354  -158 354  158  -224  
-73       101 354  -158 354  158  -266  
-72       29  330  -182 330  182  -266  
-71       29  330  -182 330  182  -266  
-70       85  362  -150 362  182  -316  
-69       85  309  -203 309  203  -316  
-68       86  309  -203 309  203  -364  
-67       34  284  -228 284  228  -364  
-66       34  284  -228 284  228  -364  
-65       16  284  -228 284  228  -406  
-64       16  264  -248 264  248  -406  
-63       18  264  -248 264  248  -456  
-62       122 509  -3   509  5    -456  
-61       122 245  -267 245  267  -456  
-60       29  245  -267 245  267  -496  
-59       29  226  -286 226  286  -496  
-58       29  226  -286 226  286  -534  
-57       45  209  -303 209  271  -534  
-56       45  209  -303 209  303  -534  
-55       13  193  -319 193  303  -572  
-54       13  193  -319 193  319  -572  
-53       13  193  -319 193  319  -606  
-52       97  239  -274 238  273  -606  
-51       97  174  -338 174  338  -606  
-50       13  174  -338 174  338  -638  
-49       13  165  -347 165  347  -638  
-48       12  165  -347 165  347  -676  
-47       4   190  -322 190  322  -676  
-46       4   154  -358 154  358  -676  
-45       13  154  -358 154  358  -694  
-44       13  145  -367 145  367  -694  
-43       14  145  -367 145  367  -716  
-42       2   154  -358 154  358  -716  
-41       2   138  -374 138  374  -716  
-40       29  130  -382 130  374  -734  
-39       29  133  -379 133  379  -734  
-38       30  133  -379 133  379  -748  
-37       10  254  -258 254  258  -748  
-36       10  126  -386 126  386  -748  
-35       13  126  -386 126  386  -758  
-34       13  126  -386 126  386  -758  
-33       13  126  -386 126  386  -772  
-32       5   123  -389 123  385  -772  
-31       5   123  -389 123  389  -772  
-30       41  123  -389 123  389  -772  
-29       41  123  -389 123  389  -772  
-28       41  123  -389 123  389  -778  
-27       5   122  -390 122  388  -778  
-26       5   122  -390 122  390  -778  
-25       13  122  -389 123  390  -778  
-24       13  123  -389 123  389  -778  
-23       14  123  -389 123  389  -780  
-22       2   124  -388 124  390  -780  
-21       2   124  -388 124  388  -780  
-20       36  124  -388 124  388  -778  
-19       36  125  -387 125  387  -778  
-18       38  125  -387 125  387  -776  
-17       34  127  -385 127  385  -776  
-16       34  127  -385 127  385  -776  
-15       10  127  -385 127  385  -774  
-14       10  127  -385 127  385  -774  
-13       10  127  -385 127  385  -770  
-12       50  128  -384 128  264  -770  
-11       50  128  -384 128  384  -770  
-10       50  128  -384 128  384  -770  
-9        50  128  -384 128  384  -770  
-8        48  128  -384 128  384  -768  
-7        100 255  -257 255  257  -768  
-6        100 127  -385 127  385  -768  
-5        13  127  -385 127  385  -768  
-4        13  125  -387 125  387  -768  
-3        12  125  -387 125  387  -770  
-2        100 120  -392 120  390  -770  
-1        100 120  -392 120  392  -770  
0         10  120  -392 120  392  -774  
1         10  121  -391 121  391  -774  
2         9   121  -391 121  391  -784  
3         113 115  -397 115  389  -784  
4         113 115  -397 115  397  -784  
5         17  115  -397 115  397  -782  
6         17  111  -401 111  401  -782  
7         17  111  -401 111  401  -794  
8         45  104  -408 104  402  -794  
9         45  104  -408 104  408  -794  
10        144 104  -408 104  408  -802  
11        144 99   -413 99   413  -802  
12        145 99   -413 99   413  -816  
13        101 122  -390 122  390  -816  
14        101 90   -422 90   422  -816  
15        2   90   -422 90   422  -826  
16        2   84   -428 84   428  -826  
17        1   84   -428 84   428  -844  
18        17  92   -420 92   420  -844  
19        17  76   -436 76   436  -844  
20        106 76   -436 76   436  -856  
21        106 71   -441 71   441  -856  
22        106 71   -441 71   441  -872  
23        2   124  -388 124  388  -872  
24        2   60   -452 60   452  -872  
25        25  60   -452 60   452  -882  
26        25  52   -460 52   460  -882  
27        25  52   -460 52   460  -904  
28        5   62   -450 62   450  -904  
29        5   46   -466 46   466  -904  
30        100 46   -466 46   466  -920  
31        100 43   -469 43   469  -920  
32        101 43   -469 43   469  -932  
33        9   34   -478 34   478  -932  
34        9   34   -478 34   478  -932  
35        5   34   -478 34   478  -938  
36        5   32   -480 32   480  -938  
37        6   32   -480 32   480  -956  
38        2   58   -454 58   454  -956  
39        2   26   -486 26   486  -956  
40        8   26   -486 26   486  -960  
41        8   27   -485 27   485  -960  
42        9   27   -485 27   485  -972  
43        9   27   -485 27   485  -972  
44        9   27   -485 27   485  -972  
45        5   27   -485 27   485  -970  
46        5   28   -484 28   484  -970  
47        5   28   -484 28   484  -970  
48        5   29   -483 29   483  -970  
49        5   29   -483 29   483  -970  
50        5   29   -483 29   483  -968  
51        5   30   -482 30   482  -968  
52        5   30   -482 30   482  -966  
53        13  38   -474 38   458  -966  
54        13  38   -474 38   474  -966  
55        5   38   -474 38   474  -964  
56        5   40   -472 40   472  -964  
57        5   40   -472 40   472  -948  
58        5   53   -459 53   461  -948  
59        5   53   -459 53   459  -948  
60        25  61   -451 61   459  -944  
61        25  59   -453 59   453  -944  
62        26  59   -453 59   453  -918  
63        50  68   -444 68   510  -918  
64        50  68   -444 68   444  -918  
65        9   68   -444 68   444  -906  
66        9   78   -434 78   434  -906  
67        10  78   -434 78   434  -888  
68        2   89   -423 89   421  -888  
69        2   89   -423 89   423  -888  
70        53  89   -424 88   423  -868  
71        53  100  -412 100  412  -868  
72        53  100  -412 100  412  -846  
73        9   110  -402 110  402  -846  
74        9   110  -402 110  402  -846  
75        89  110  -402 110  402  -824  
76        89  125  -387 125  387  -824  
77        89  125  -387 125  387  -804  
78        1   137  -375 137  375  -804  
79        1   137  -375 137  375  -804  
80        145 137  -375 137  375  -774  
81        145 145  -367 145  367  -774  
82        145 145  -367 145  367  -750  
83        13  155  -358 154  357  -750  
84        13  154  -358 154  358  -750  
85        53  154  -358 154  358  -734  
86        53  165  -347 165  347  -734  
87        53  165  -347 165  347  -716  
88        1   172  -340 172  340  -716  
89        1   172  -340 172  340  -716  
90        49  172  -340 172  340  -694  
91        49  181  -331 181  331  -694  
92        48  181  -331 181  331  -680  
93        196 185  -327 185  323  -680  
94        196 185  -327 185  327  -680  
95        36  189  -323 189  327  -662  
96        36  189  -323 189  323  -662  
97        37  189  -323 189  323  -654  
98        1   195  -317 195  319  -654  
99        1   195  -317 195  317  -654  
100       10  193  -319 193  319  -646  
101       10  192  -320 192  320  -646  
102       9   192  -320 192  320  -634  
103       145 195  -317 195  317  -634  
104       145 195  -317 195  317  -634  
105       4   195  -317 195  317  -640  
106       4   194  -318 194  318  -640  
107       6   194  -318 194  318  -634  
108       10  254  -258 254  258  -634  
109       10  190  -322 190  322  -634  
110       8   190  -322 190  322  -636  
111       8   190  -322 190  322  -636  
112       9   190  -322 190  322  -644  
113       89  186  -326 186  326  -644  
114       89  186  -326 186  326  -644  
115       25  186  -326 186  326  -644  
116       25  182  -330 182  330  -644  
117       24  182  -330 182  330  -652  
118       4   176  -335 177  334  -652  
119       4   177  -335 177  335  -652  
120       10  177  -335 177  335  -660  
121       10  173  -339 173  339  -660  
122       10  173  -339 173  339  -670  
123       10  171  -341 171  341  -670  
124       10  171  -341 171  341  -670  
125       5   171  -341 171  341  -678  
126       5   165  -347 165  347  -678  
127       4   165  -347 165  347  -682  
128       4   163  -349 163  349  -682  
129       4   163  -349 163  349  -682  
130       1   163  -349 163  349  -694  
131       1   160  -352 160  352  -694  
132       1   160  -352 160  352  -698  
133       1   190  -322 190  322  -698  
134       1   158  -354 158  354  -698  
135       2   158  -354 158  354  -704  
136       2   158  -354 158  354  -704  
137       2   158  -354 158  354  -708  
138       10  160  -352 160  280  -708  
139       10  161  -351 161  351  -708  
140       1   160  -352 160  350  -708  
141       1   168  -344 168  344  -708  
142       1   168  -344 168  344  -702  
143       65  174  -338 174  338  -702  
144       65  174  -338 174  338  -702  
145       37  174  -338 174  338  -688  
146       37  182  -330 182  330  -688  
147       37  182  -330 182  330  -676  
148       1   194  -318 194  318  -676  
149       1   194  -318 194  318  -676  
150       10  194  -318 194  318  -660  
151       10  211  -301 211  301  -660  
152       10  211  -301 211  301  -636  
153       74  227  -285 227  285  -636  
154       74  227  -285 227  285  -636  
155       4   243  -269 243  285  -602  
156       4   243  -269 243  269  -602  
157       5   243  -269 243  269  -570  
158       65  257  -255 257  509  -570  
159       65  265  -247 265  247  -570  
160       10  257  -255 257  247  -538  
161       10  289  -223 289  223  -538  
162       9   289  -223 289  223  -494  
163       181 315  -198 314  197  -494  
164       181 314  -198 314  198  -494  
165       85  314  -198 314  198  -446  
166       85  340  -172 340  172  -446  
167       85  340  -172 340  172  -396  
168       37  369  -143 369  135  -396  
169       37  369  -143 369  143  -396  
170       8   369  -143 369  143  -344  
171       8   402  -110 402  110  -344  
172       9   402  -110 402  110  -286  
173       45  432  -80  432  80   -286  
174       45  432  -80  432  80   -286  
175       197 432  -80  432  80   -220  
176       197 466  -46  466  46   -220  
177       198 466  -46  466  46   -160  
178       10  501  -11  501  5    -160  
179       10  501  -11  501  11   -160  
180       2   341  -171 341  11   -92   
181       2   23   -489 23   489  -92   
182       0   535  23   535  23   22    
183       20  567  55   567  55   22    
184       20  567  55   567  55   22    
185       221 567  55   567  55   46    
186       221 599  87   599  87   46    
187       221 599  87   599  87   110   
188       1   631  119  631  119  110   
189       1   631  119  631  119  110   
190       10  631  119  631  119  174   
191       10  659  147  659  147  174   
192       9   659  147  659  147  238   
193       5   693  181  693  181  238   
194       5   693  181  693  181  238   
195       17  693  181  693  181  294   
196       17  718  206  718  206  294   
197       17  718  206  718  206  362   
198       65  744  232  744  232  362   
199       65  744  232  744  232  362   
200       4   712  200  712  232  412   
201       4   769  257  769  257  412   
202       6   769  257  769  257  464   
203       50  789  277  789  277  464   
204       50  789  277  789  277  464   
205       9   789  277  789  277  514   
206       9   809  297  809  297  514   
207       9   809  297  809  297  554   
208       5   824  312  824  312  554   
209       5   824  312  824  312  554   
210       10  824  312  808  312  594   
211       10  838  326  838  326  594   
212       9   838  326  838  326  624   
213       9   850  338  850  338  624   
214       9   850  338  850  338  624   
215       5   850  338  850  338  652   
216       5   858  346  858  346  652   
217       5   858  346  858  346  676   
218       13  867  355  867  355  676   
219       13  867  355  867  355  676   
220       9   867  355  867  355  692   
221       9   868  356  868  356  692   
222       10  868  356  868  356  710   
223       18  874  362  874  362  710   
224       18  874  362  874  362  710   
225       29  874  362  874  362  712   
226       29  877  365  877  365  712   
227       29  877  365  877  365  724   
228       5   873  361  873  361  724   
229       5   873  361  873  361  724   
230       25  873  361  873  361  730   
231       25  871  359  871  359  730   
232       26  871  359  871  359  722   
233       10  869  357  869  357  722   
234       10  869  357  869  357  722   
235       221 869  357  869  357  718   
236       221 864  352  864  352  718   
237       222 864  352  864  352  714   
238       2   894  382  894  382  714   
239       2   862  350  862  350  714   
240       4   862  350  862  350  704   
241       4   856  344  856  344  704   
242       5   856  344  856  344  700   
243       1   852  340  852  340  700   
244       1   852  340  852  340  700   
245       58  852  340  852  340  688   
246       58  849  337  849  337  688   
247       57  849  337  849  337  680   
248       185 863  351  863  351  680   
249       185 847  335  847  335  680   
250       26  847  335  847  335  674   
251       26  842  330  842  330  674   
252       25  842  330  842  330  670   
253       65  840  328  840  328  670   
254       65  840  328  840  328  670   
255       36  840  328  840  328  660   
256       36  838  326  838  326  660   
257       38  838  326  838  326  656   
258       170 841  329  841  329  656   
259       170 841  329  841  329  656   
260       10  840  328  840  328  652   
261       10  840  328  840  328  652   
262       9   840  328  840  328  658   
263       17  845  333  845  333  658   
264       17  845  333  845  333  658   
265       29  845  333  845  333  656   
266       29  850  338  850  338  656   
267       28  850  338  850  338  666   
268       164 855  343  855  343  666   
269       164 855  343  855  343  666   
270       17  855  343  855  343  676   
271       17  862  350  862  350  676   
272       17  862  350  862  350  686   
273       9   871  359  871  375  686   
274       9   871  359  871  359  686   
275       65  871  359  871  359  700   
276       65  879  367  879  367  700   
277       66  879  367  879  367  718   
278       58  891  379  891  383  718   
279       58  891  379  891  379  718   
280       20  875  363  875  363  734   
281       20  900  388  900  388  734   
282       21  900  388  900  388  758   
283       13  910  398  910  398  758   
284       13  910  398  910  398  758   
285       13  910  398  910  398  776   
286       13  923  411  923  411  776   
287       13  923  411  923  411  796   
288       13  932  420  932  420  796   
289       13  932  420  932  420  796   
290       25  940  428  940  420  822   
291       25  942  430  942  430  822   
292       24  942  430  942  430  840   
293       8   957  445  957  445  840   
294       8   957  445  957  445  840   
295       10  941  428  940  429  860   
296       10  964  452  964  452  860   
297       9   964  452  964  452  890   
298       13  972  460  972  460  890   
299       13  972  460  972  460  890   
300       13  972  460  972  460  904   
301       13  985  473  985  473  904   
302       12  985  473  985  473  920   
303       8   993  481  993  481  920   
304       8   993  481  993  481  920   
305       17  993  481  993  481  946   
306       17  997  485  997  485  946   
307       17  997  485  997  485  962   
308       41  1003 491  1003 491  962   
309       41  1003 491  1003 491  962   
310       8   1003 491  1003 491  970   
311       8   1007 495  1007 495  970   
312       8   1007 495  1007 495  982   
313       8   1006 494  1006 494  982   
314       8   1006 494  1006 494  982   
315       17  1006 494  1006 494  990   
316       17  1008 496  1008 496  990   
317       17  1008 496  1008 496  988   
318       125 1007 495  1007 495  988   
319       125 1007 495  1007 495  988   
320       25  1007 495  1007 495  992   
321       25  1007 495  1007 495  992   
322       26  1007 495  1007 495  990   
323       10  1004 492  1004 492  990   
324       10  1004 492  1004 492  990   
325       49  1004 492  1004 492  990   
326       49  999  487  999  487  990   
327       49  999  487  999  487  984   
328       101 995  483  995  483  984   
329       101 995  483  995  483  984   
330       109 995  483  995  483  974   
331       109 988  476  988  476  974   
332       108 988  476  988  476  966   
333       8   980  468  980  468  966   
334       8   980  468  980  468  966   
335       50  980  468  980  468  952   
336       50  974  462  974  462  952   
337       49  974  462  974  462  936   
338       5   966  454  966  454  936   
339       5   966  454  966  454  936   
340       233 974  462  974  454  924   
341       233 956  444  956  444  924   
342       233 956  444  956  444  908   
343       5   952  440  952  440  908   
344       5   952  440  952  440  908   
345       72  956  444  956  440  888   
346       72  943  431  943  431  888   
347       74  943  431  943  431  880   
348       34  936  424  936  424  880   
349       34  936  424  936  424  880   
350       45  936  424  936  424  862   
351       45  930  418  930  418  862   
352       46  930  418  930  418  848   
353       34  959  447  959  447  848   
354       34  927  415  927  415  848   
355       2   927  415  927  415  836   
356       2   922  410  922  410  836   
357       1   922  410  922  410  830   
358       109 919  407  919  415  830   
359       109 919  407  919  407  830   
360       13  919  407  919  407  820   
361       13  915  403  915  403  820   
362       13  915  403  915  403  814   
363       13  926  414  926  414  814   
364       13  910  398  910  398  814   
365       5   910  398  910  398  806   
366       5   908  396  908  396  806   
367       5   908  396  908  396  796   
368       25  906  394  906  398  796   
369       25  906  394  906  394  796   
370       9   906  394  906  394  792   
371       9   909  397  909  397  792   
372       9   909  397  909  397  788   
373       5   909  397  909  397  788   
374       5   909  397  909  397  788   
375       5   909  397  909  397  794   
376       5   910  398  910  398  794   
377       5   910  398  910  398  794   
378       5   911  399  911  399  794   
379       5   911  399  911  399  794   
380       4   911  399  911  399  796   
381       4   915  403  915  403  796   
382       6   915  403  915  403  798   
383       2   912  400  912  400  798   
384       2   912  400  912  400  798   
385       4   912  400  912  400  806   
386       4   912  400  912  400  806   
387       5   912  400  912  400  800   
388       1   912  400  912  400  800   
389       1   912  400  912  400  800   
390       73  912  400  912  400  800   
391       73  910  398  910  398  800   
392       73  910  398  910  398  800   
393       1   912  401  913  400  800   
394       1   913  401  913  401  800   
395       8   913  400  912  401  796   
396       8   908  396  908  396  796   
397       8   908  396  908  396  802   
398       8   903  391  903  391  802   
399       8   903  391  903  391  802   
400       74  903  391  903  391  792   
401       74  898  386  898  386  792   
402       74  898  386  898  386  782   
403       50  1018 506  1018 506  782   
404       50  890  378  890  378  782   
405       2   890  378  890  378  772   
406       2   883  371  883  371  772   
407       1   883  371  883  371  756   
408       97  889  377  889  377  756   
409       97  873  361  873  361  756   
410       53  889  377  889  361  742   
411       53  857  345  857  345  742   
412       52  857  345  857  345  722   
413       104 845  333  845  333  722   
414       104 845  333  845  333  722   
415       2   861  349  861  333  690   
416       2   828  316  828  316  690   
417       1   828  316  828  316  666   
418       97  810  298  810  298  666   
419       97  810  298  810  298  666   
420       17  810  298  810  298  632   
421       17  793  281  793  281  632   
422       16  793  281  793  281  596   
423       136 773  261  773  261  596   
424       136 773  261  773  261  596   
425       2   1005 493  1005 261  562   
426       2   751  239  751  239  562   
427       2   751  239  751  239  522   
428       50  710  198  710  198  522   
429       50  726  214  726  214  522   
430       97  710  198  710  198  478   
431       97  705  193  705  193  478   
432       96  705  193  705  193  428   
433       40  681  233  681  233  428   
434       40  681  169  681  169  428   
435       5   681  169  681  169  386   
436       5   658  146  658  146  386   
437       5   658  146  658  146  338   
438       5   763  251  763  251  338   
439       5   635  123  635  123  338   
440       101 635  123  635  123  292   
441       101 613  101  613  101  292   
442       101 613  101  613  101  246   
443       1   591  79   591  79   246   
444       1   591  79   591  79   246   
445       13  623  111  623  79   202   
446       13  568  56   568  56   202   
447       14  568  56   568  56   158   
448       2   550  38   550  38   158   
449       2   550  38   550  38   158   
450       32  550  38   550  38   112   
451       32  531  19   531  19   112   
452       33  531  19   531  19   76    
453       5   515  3    515  3    76    
454       5   515  3    515  3    76    
455       1   755  243  755  243  38    
456       1   1013 501  1013 501  38    
457       0   501  -11  501  11   6     
458       0   489  -23  489  15   6     
459       0   489  -23  489  23   6     
460       1   489  -23  489  23   -1002 
461       1   476  -36  476  36   -1002 
462       1   476  -36  476  36   -46   
463       1   471  -41  471  33   -46   
464       1   471  -41  471  41   -46   
465       1   471  -41  471  41   -72   
466       1   462  -50  462  50   -72   
467       1   462  -50  462  50   -82   
468       1   458  -54  458  50   -82   
469       1   458  -54  458  54   -82   
470       4   458  -54  458  54   -100  
471       4   461  -51  461  51   -100  
472       5   461  -51  461  51   -108  
473       65  461  -51  461  51   -108  
474       65  461  -51  461  51   -108  
475       1   461  -51  461  51   -102  
476       1   465  -47  465  47   -102  
477       1   465  -47  465  47   -102  
478       13  468  -44  468  42   -102  
479       13  468  -44  468  44   -102  
480       25  468  -44  468  44   -94   
481       25  474  -38  474  38   -94   
482       25  474  -38  474  38   -88   
483       45  482  -30  482  14   -88   
484       45  482  -30  482  30   -88   
485       34  482  -30  482  30   -76   
486       34  491  -21  491  21   -76   
487       34  491  -21  491  21   -60   
488       2   503  -9   503  1    -60   
489       2   503  -9   503  9    -60   
490       125 511  -1   511  9    -42   
491       125 510  -2   510  2    -42   
492       126 510  -2   510  2    -18   
493       10  11   -501 11   501  -18   
494       10  523  11   523  11   -18   
495       90  523  11   523  11   4     
496       90  533  21   533  21   4     
497       89  533  21   533  21   22    
498       1   543  31   543  31   22    
499       1   543  31   543  31   22    
500       170 543  31   543  31   42    
501       170 552  40   552  40   42    
502       169 552  40   552  40   62    
503       45  560  48   560  56   62    
504       45  560  48   560  48   62    
505       52  560  48   560  48   80    
506       52  567  55   567  55   80    
507       53  567  55   567  55   96    
508       5   573  61   573  61   96    
509       5   573  61   573  61   96    
510       25  573  61   573  61   110   
511       25  574  62   574  62   110   
512       26  574  62   574  62   122   
513       178 577  65   577  65   122   
514       178 577  65   577  65   122   
515       17  577  64   576  65   124   
516       17  576  64   576  64   124   
517       17  576  64   576  64   130   
518       5   636  124  636  124  130   
519       5   572  60   572  60   130   
520       4   572  60   572  60   128   
521       4   564  52   564  52   128   
522       6   564  52   564  52   120   
523       82  574  62   574  62   120   
524       82  558  46   558  46   120   
525       10  550  38   550  46   104   
526       10  548  36   548  36   104   
527       9   548  36   548  36   92    
528       5   573  61   573  61   92    
529       5   537  25   537  25   92    
530       13  521  9    521  25   72    
531       13  521  9    521  9    72    
532       13  521  9    521  9    50    
533       41  1017 505  1017 505  50    
534       41  1017 505  1017 505  50    
535       5   505  -7   505  7    18    
536       5   489  -23  489  23   18    
537       5   489  -23  489  23   -1010 
538       5   465  -47  465  55   -1010 
539       5   465  -47  465  47   -1010 
540       2   505  -7   505  39   -46   
541       2   446  -66  446  66   -46   
542       1   446  -66  446  66   -94   
543       5   425  -87  425  71   -94   
544       5   425  -87  425  87   -94   
545       10  425  -87  425  87   -132  
546       10  400  -112 400  112  -132  
547       9   400  -112 400  112  -174  
548       5   505  -7   505  7    -174  
549       5   377  -135 377  135  -174  
550       18  377  -135 377  135  -224  
551       18  352  -160 352  160  -224  
552       18  352  -160 352  160  -270  
553       10  332  -180 332  180  -270  
554       10  332  -180 332  180  -270  
555       17  364  -148 364  180  -320  
556       17  306  -206 306  206  -320  
557       17  306  -206 306  206  -360  
558       9   285  -227 285  229  -360  
559       9   285  -227 285  227  -360  
560       5   285  -227 285  227  -412  
561       5   265  -247 265  247  -412  
562       5   265  -247 265  247  -454  
563       109 509  -3   509  3    -454  
564       109 245  -267 245  267  -454  
565       50  253  -259 253  267  -494  
566       50  222  -290 222  290  -494  
567       48  222  -290 222  290  -534  
568       8   206  -306 206  306  -534  
569       8   206  -306 206  306  -534  
570       9   222  -290 222  306  -580  
571       9   190  -322 190  322  -580  
572       10  190  -322 190  322  -612  
573       122 176  -335 177  320  -612  
574       122 177  -335 177  335  -612  
575       17  177  -335 177  335  -644  
576       17  165  -347 165  347  -644  
577       17  165  -347 165  347  -670  
578       85  186  -326 186  326  -670  
579       85  154  -358 154  358  -670  
580       17  152  -360 152  358  -694  
581       17  144  -368 144  368  -694  
582       16  144  -368 144  368  -716  
583       208 155  -357 155  357  -716  
584       208 139  -373 139  373  -716  
585       74  131  -381 131  373  -736  
586       74  132  -380 132  380  -736  
587       73  132  -380 132  380  -746  
588       17  129  -383 129  383  -746  
589       17  129  -383 129  383  -746  
590       10  185  -327 185  351  -760  
591       10  125  -387 125  387  -760  
592       9   125  -387 125  387  -766  
593       17  125  -387 125  387  -766  
594       17  125  -387 125  387  -766  
595       194 125  -387 125  387  -774  
596       194 123  -389 123  389  -774  
597       194 123  -389 123  389  -774  
598       10  124  -388 124  386  -774  
599       10  124  -388 124  388  -774  
600       8   124  -388 124  388  -778  
601       8   120  -392 120  392  -778  
602       9   120  -392 120  392  -776  
603       13  124  -388 124  388  -776  
604       13  124  -388 124  388  -776  
605       117 124  -388 124  388  -784  
606       117 125  -387 125  387  -784  
607       118 125  -387 125  387  -776  
608       10  126  -386 126  390  -776  
609       10  126  -386 126  386  -776  
610       9   126  -386 126  386  -774  
611       9   126  -386 126  386  -774  
612       10  126  -386 126  386  -772  
613       10  126  -386 126  386  -772  
614       10  126  -386 126  386  -772  
615       4   126  -386 126  386  -772  
616       4   128  -384 128  384  -772  
617       6   128  -384 128  384  -772  
618       26  126  -386 126  386  -772  
619       26  126  -386 126  386  -772  
620       9   126  -386 126  386  -768  
621       9   125  -387 125  387  -768  
622       8   125  -387 125  387  -772  
623       16  120  -392 120  384  -772  
624       16  120  -392 120  392  -772  
625       4   120  -392 120  392  -774  
626       4   116  -396 116  396  -774  
627       4   116  -396 116  396  -784  
628       16  117  -395 117  395  -784  
629       16  117  -395 117  395  -784  
630       4   117  -395 117  395  -792  
631       4   110  -402 110  402  -792  
632       6   110  -402 110  402  -790  
633       26  104  -408 104  400  -790  
634       26  104  -408 104  408  -790  
635       4   104  -408 104  408  -804  
636       4   96   -416 96   416  -804  
637       5   96   -416 96   416  -816  
638       9   124  -388 124  388  -816  
639       9   92   -420 92   420  -816  
640       10  92   -420 92   420  -832  
641       10  83   -429 83   429  -832  
642       10  83   -429 83   429  -840  
643       10  95   -417 95   417  -840  
644       10  79   -433 79   433  -840  
645       130 79   -433 79   433  -858  
646       130 69   -443 69   443  -858  
647       128 69   -443 69   443  -866  
648       20  125  -387 125  387  -866  
649       20  61   -451 61   451  -866  
650       13  61   -451 61   451  -886  
651       13  54   -458 54   458  -886  
652       14  54   -458 54   458  -902  
653       10  49   -463 49   463  -902  
654       10  49   -463 49   463  -902  
655       221 49   -463 49   463  -916  
656       221 40   -472 40   472  -916  
657       221 40   -472 40   472  -926  
658       17  37   -475 37   475  -926  
659       17  37   -475 37   475  -926  
660       10  45   -467 45   475  -944  
661       10  31   -481 31   481  -944  
662       8   31   -481 31   481  -950  
663       16  31   -481 31   481  -950  
664       16  31   -481 31   481  -950  
665       74  31   -481 31   481  -962  
666       74  26   -486 26   486  -962  
667       72  26   -486 26   486  -962  
668       208 27   -485 27   485  -962  
669       208 27   -485 27   485  -962  
670       17  27   -485 27   485  -972  
671       17  24   -488 24   488  -972  
672       16  24   -488 24   488  -970  
673       68  28   -484 28   484  -970  
674       68  28   -484 28   484  -970  
675       16  28   -484 28   484  -976  
676       16  35   -477 35   477  -976  
677       17  35   -477 35   477  -968  
678       121 38   -474 38   474  -968  
679       121 38   -474 38   474  -968  
680       10  38   -474 38   474  -954  
681       10  44   -468 44   468  -954  
682       8   44   -468 44   468  -948  
683       8   53   -459 53   461  -948  
684       8   53   -459 53   459  -948  
685       37  53   -459 53   459  -936  
686       37  56   -456 56   456  -936  
687       37  56   -456 56   456  -918  
688       109 68   -444 68   444  -918  
689       109 68   -444 68   444  -918  
690       5   68   -444 68   444  -912  
691       5   80   -432 80   432  -912  
692       5   80   -432 80   432  -888  
693       9   89   -423 89   431  -888  
694       9   89   -423 89   423  -888  
695       26  89   -423 89   423  -864  
696       26  103  -409 103  409  -864  
697       26  103  -409 103  409  -846  
698       10  108  -404 108  402  -846  
699       10  108  -404 108  404  -846  
700       18  108  -404 108  404  -818  
701       18  124  -388 124  388  -818  
702       17  124  -388 124  388  -808  
703       5   135  -377 135  377  -808  
704       5   135  -377 135  377  -808  
705       10  135  -377 135  377  -776  
706       10  145  -367 145  367  -776  
707       9   145  -367 145  367  -754  
708       5   157  -355 157  355  -754  
709       5   157  -355 157  355  -754  
710       5   157  -355 157  355  -734  
711       5   167  -345 167  345  -734  
712       5   167  -345 167  345  -710  
713       5   170  -342 170  336  -710  
714       5   170  -342 170  342  -710  
715       4   170  -342 170  342  -690  
716       4   181  -331 181  331  -690  
717       5   181  -331 181  331  -684  
718       41  189  -323 189  323  -684  
719       41  189  -323 189  323  -684  
720       13  189  -323 189  323  -662  
721       13  189  -323 189  323  -662  
722       13  189  -323 189  323  -646  
723       5   192  -320 192  382  -646  
724       5   192  -320 192  320  -646  
725       17  192  -320 192  320  -646  
726       17  192  -320 192  320  -646  
727       17  192  -320 192  320  -640  
728       101 194  -318 194  318  -640  
729       101 194  -318 194  318  -640  
730       5   194  -318 194  318  -640  
731       5   194  -318 194  318  -640  
732       5   194  -318 194  318  -636  
733       5   254  -258 254  258  -636  
734       5   190  -322 190  322  -636  
735       17  190  -322 190  322  -636  
736       17  191  -321 191  321  -636  
737       17  191  -321 191  321  -644  
738       205 187  -325 187  321  -644  
739       205 187  -325 187  325  -644  
740       34  187  -325 187  325  -642  
741       34  182  -330 182  330  -642  
742       34  182  -330 182  330  -650  
743       2   177  -335 177  335  -650  
744       2   177  -335 177  335  -650  
745       52  183  -329 183  335  -660  
746       52  175  -337 175  337  -660  
747       53  175  -337 175  337  -670  
748       45  169  -343 169  343  -670  
749       45  169  -343 169  343  -670  
750       170 169  -343 169  343  -674  
751       170 164  -348 164  348  -674  
752       169 164  -348 164  348  -686  
753       1   162  -350 162  354  -686  
754       1   162  -350 162  350  -686  
755       97  162  -350 162  350  -696  
756       97  160  -352 160  352  -696  
757       98  160  -352 160  352  -700  
758       10  190  -322 190  322  -700  
759       10  158  -354 158  354  -700  
760       125 190  -322 190  354  -704  
761       125 160  -352 160  352  -704  
762       126 160  -352 160  352  -708  
763       2   165  -347 165  347  -708  
764       2   165  -347 165  347  -708  
765       34  165  -347 165  347  -704  
766       34  169  -343 169  343  -704  
767       34  169  -343 169  343  -694  
768       34  175  -337 175  337  -694  
769       34  175  -337 175  337  -694  
770       25  175  -337 175  337  -686  
771       25  182  -330 182  330  -686  
772       26  182  -330 182  330  -674  
773       18  195  -317 195  317  -674  
774       18  195  -317 195  317  -674  
775       1   195  -317 195  317  -660  
776       1   209  -303 209  303  -660  
777       1   209  -303 209  303  -634  
778       65  227  -286 226  285  -634  
779       65  226  -286 226  286  -634  
780       5   242  -270 242  286  -606  
781       5   243  -269 243  269  -606  
782       5   243  -269 243  269  -572  
783       1   256  -256 256  510  -572  
784       1   264  -248 264  248  -572  
785       1   256  -256 256  136  -538  
786       1   288  -224 288  224  -538  
787       1   288  -224 288  224  -496  
788       1   315  -197 315  197  -496  
789       1   315  -197 315  197  -496  
790       2   315  -197 315  197  -448  
791       2   340  -172 340  172  -448  
792       0   340  -172 340  172  -394  
793       0   371  -141 371  141  -394  
794       0   371  -141 371  141  -394  
795       1   371  -141 371  141  -344  
796       1   402  -110 402  110  -344  
797       2   402  -110 402  110  -282  
798       2   435  -77  435  77   -282  
799       2   435  -77  435  77   -282  
800       41  435  -77  435  77   -220  
801       41  464  -48  464  48   -220  
802       42  464  -48  464  48   -154  
803       2   501  -11  501  11   -154  
804       2   501  -11  501  11   -154  
805       13  341  -139 373  11   -96   
806       13  21   -491 21   491  -96   
807       13  533  21   533  21   22    
808       1   567  54   566  54   22    
809       1   566  54   566  54   22    
810       101 566  54   566  54   42    
811       101 601  89   601  89   42    
812       100 601  89   601  89   108   
813       4   633  121  633  121  108   
814       4   633  121  633  121  108   
815       5   633  121  633  121  178   
816       5   658  146  658  146  178   
817       4   658  146  658  146  242   
818       40  692  180  692  180  242   
819       40  692  180  692  180  242   
820       116 692  180  692  180  292   
821       116 718  206  718  206  292   
822       118 718  206  718  206  360   
823       50  744  232  744  232  360   
824       50  744  232  744  232  360   
825       2   712  200  712  232  412   
826       2   769  257  769  257  412   
827       0   769  257  769  257  464   
828       136 788  276  788  276  464   
829       136 788  276  788  276  464   
830       17  788  276  788  276  514   
831       17  806  294  806  294  514   
832       17  806  294  806  294  552   
833       97  825  313  829  317  552   
834       97  825  313  825  313  552   
835       2   825  313  825  313  588   
836       2   839  327  839  327  588   
837       0   839  327  839  327  626   
838       104 851  339  851  339  626   
839       104 851  339  851  339  626   
840       37  851  339  851  339  654   
841       37  858  346  858  346  654   
842       38  858  346  858  346  678   
843       90  866  354  866  354  678   
844       90  866  354  866  354  678   
845       2   866  354  866  354  692   
846       2   871  359  871  359  692   
847       0   871  359  871  359  708   
848       52  875  363  875  363  708   
849       52  875  363  875  363  708   
850       74  875  363  875  363  718   
851       74  877  365  877  365  718   
852       72  877  365  877  365  726   
853       8   875  363  875  363  726   
854       8   875  363  875  363  726   
855       8   875  363  875  363  730   
856       8   873  361  873  361  730   
857       9   873  361  873  361  726   
858       1   873  361  873  361  726   
859       1   873  361  873  361  726   
860       73  873  361  873  361  722   
861       73  864  352  864  352  722   
862       73  864  352  864  352  722   
863       1   892  380  892  380  722   
864       1   860  348  860  348  722   
865       4   860  348  860  348  704   
866       4   859  347  859  347  704   
867       6   859  347  859  347  696   
868       2   852  340  852  340  696   
869       2   852  340  852  340  696   
870       5   848  336  848  340  694   
871       5   849  337  849  337  694   
872       5   849  337  849  337  680   
873       5   863  351  863  351  680   
874       5   847  335  847  335  680   
875       5   847  335  847  335  674   
876       5   840  328  840  328  674   
877       5   840  328  840  328  670   
878       5   840  328  840  328  670   
879       5   840  328  840  328  670   
880       9   840  328  840  328  656   
881       9   836  324  836  324  656   
882       10  836  324  836  324  656   
883       34  843  331  843  331  656   
884       34  843  331  843  331  656   
885       5   843  331  843  331  648   
886       5   840  328  840  328  648   
887       4   840  328  840  328  662   
888       8   846  334  846  334  662   
889       8   846  334  846  334  662   
890       13  846  334  846  334  656   
891       13  849  337  849  337  656   
892       12  849  337  849  337  668   
893       104 855  343  855  343  668   
894       104 855  343  855  343  668   
895       2   855  343  855  343  674   
896       2   863  351  863  351  674   
897       2   863  351  863  351  686   
898       34  871  359  871  375  686   
899       34  871  359  871  359  686   
900       58  871  359  871  359  702   
901       58  878  366  878  366  702   
902       58  878  366  878  366  718   
903       34  890  378  890  382  718   
904       34  890  378  890  378  718   
905       72  874  362  874  362  732   
906       72  898  386  898  386  732   
907       74  898  386  898  386  756   
908       2   911  399  911  399  756   
909       2   911  399  911  399  756   
910       233 911  399  911  399  772   
911       233 922  410  922  410  772   
912       232 922  410  922  410  798   
913       8   932  420  932  420  798   
914       8   932  420  932  420  798   
915       50  940  428  940  420  820   
916       50  942  430  942  430  820   
917       50  942  430  942  430  840   
918       2   954  442  954  446  840   
919       2   954  442  954  442  840   
920       109 938  426  938  442  860   
921       109 967  455  967  455  860   
922       109 967  455  967  455  884   
923       101 973  461  973  463  884   
924       101 973  461  973  461  884   
925       64  973  461  973  461  910   
926       64  985  473  985  473  910   
927       66  985  473  985  473  922   
928       10  991  478  990  479  922   
929       10  990  478  990  478  922   
930       26  990  478  990  478  946   
931       26  996  484  996  484  946   
932       25  996  484  996  484  956   
933       125 1006 494  1006 494  956   
934       125 1002 490  1002 490  956   
935       17  1006 494  1006 490  968   
936       17  1007 495  1007 495  968   
937       16  1007 495  1007 495  980   
938       8   1009 497  1009 489  980   
939       8   1009 497  1009 497  980   
940       5   1009 497  1009 497  990   
941       5   1008 496  1008 496  990   
942       6   1008 496  1008 496  994   
943       34  1022 510  1022 510  994   
944       34  1006 494  1006 494  994   
945       17  1006 494  1006 494  992   
946       17  1007 495  1007 495  992   
947       17  1007 495  1007 495  988   
948       13  1003 491  1003 491  988   
949       13  1003 491  1003 491  988   
950       20  1003 491  1003 491  990   
951       20  1000 488  1000 488  990   
952       21  1000 488  1000 488  982   
953       13  995  483  995  483  982   
954       13  995  483  995  483  982   
955       10  1003 491  1003 491  976   
956       10  988  476  988  476  976   
957       9   988  476  988  476  966   
958       13  982  470  982  470  966   
959       13  982  470  982  470  966   
960       18  982  470  982  470  952   
961       18  972  460  972  460  952   
962       17  972  460  972  460  940   
963       13  969  457  969  461  940   
964       13  969  457  969  457  940   
965       13  969  457  969  457  920   
966       13  956  444  956  444  920   
967       13  956  444  956  444  914   
968       13  952  440  952  440  914   
969       13  952  440  952  440  914   
970       20  952  440  952  440  888   
971       20  942  430  942  430  888   
972       22  942  430  942  430  880   
973       58  939  427  939  427  880   
974       58  939  427  939  427  880   
975       82  939  427  939  427  860   
976       82  930  418  930  418  860   
977       81  930  418  930  418  854   
978       9   959  447  959  447  854   
979       9   927  415  927  415  854   
980       17  927  415  927  415  836   
981       17  923  411  923  411  836   
982       17  923  411  923  411  830   
983       149 916  404  916  404  830   
984       149 916  404  916  404  830   
985       40  912  400  912  404  822   
986       40  914  402  914  402  822   
987       41  914  402  914  402  808   
988       17  926  414  926  414  808   
989       17  910  398  910  398  808   
990       10  910  398  910  398  804   
991       10  911  399  911  399  804   
992       9   911  399  911  399  796   
993       157 908  396  908  396  796   
994       157 908  396  908  396  796   
995       36  908  396  908  396  798   
996       36  907  395  907  395  798   
997       36  907  395  907  395  792   
998       68  908  396  908  396  792   
999       68  908  396  908  396  792   
1000      37  910  398  910  396  790   
1001      37  911  399  911  399  790   
1002      37  911  399  911  399  792   
1003      185 913  401  913  393  792   
1004      185 913  401  913  401  792   
1005      58  913  401  913  401  798   
1006      58  913  401  913  401  798   
1007      57  913  401  913  401  802   
1008      1   927  415  927  415  802   
1009      1   910  398  910  398  802   
1010      4   910  398  910  398  802   
1011      4   917  405  917  405  802   
1012      6   917  405  917  405  796   
1013      2   913  401  913  401  796   
1014      2   913  401  913  401  796   
1015      202 913  401  913  401  810   
1016      202 912  400  912  400  810   
1017      202 912  400  912  400  802   
1018      10  927  415  927  415  802   
1019      10  911  399  911  399  802   
1020      18  911  399  911  399  800   
1021      18  906  394  906  394  800   
1022      17  906  394  906  394  798   
1023      5   905  393  905  393  798   
1024      5   905  393  905  393  798   
1025      34  905  393  905  393  788   
1026      34  899  387  899  387  788   
1027      33  899  387  899  387  786   
1028      25  1020 508  1020 508  786   
1029      25  892  380  892  380  786   
1030      9   892  380  892  380  774   
1031      9   883  371  883  371  774   
1032      9   883  371  883  371  760   
1033      13  889  377  889  377  760   
1034      13  873  361  873  361  760   
1035      5   889  377  889  361  742   
1036      5   859  347  859  347  742   
1037      5   859  347  859  347  722   
1038      17  843  331  843  331  722   
1039      17  843  331  843  331  722   
1040      5   859  347  859  331  694   
1041      5   827  315  827  315  694   
1042      5   827  315  827  315  662   
1043      5   810  298  810  298  662   
1044      5   810  298  810  298  662   
1045      10  810  298  810  298  630   
1046      10  790  278  790  278  630   
1047      10  790  278  790  278  596   
1048      50  772  260  772  260  596   
1049      50  772  260  772  260  596   
1050      5   996  484  996  260  556   
1051      5   750  238  750  238  556   
1052      5   750  238  750  238  520   
1053      65  728  216  728  216  520   
1054      65  728  216  728  216  520   
1055      10  764  252  764  220  476   
1056      10  702  190  702  190  476   
1057      9   702  190  702  190  432   
1058      5   683  171  683  171  432   
1059      5   683  171  683  171  432   
1060      10  682  170  682  170  380   
1061      10  656  144  656  144  380   
1062      8   656  144  656  144  342   
1063      4   762  250  762  250  342   
1064      4   634  122  634  122  342   
1065      221 634  122  634  122  288   
1066      221 613  101  613  101  288   
1067      220 613  101  613  101  244   
1068      20  591  79   591  79   244   
1069      20  591  79   591  79   244   
1070      5   623  111  623  79   202   
1071      5   566  54   566  54   202   
1072      6   566  54   566  54   158   
1073      10  548  36   548  36   158   
1074      10  548  36   548  36   158   
1075      170 548  36   548  36   108   
1076      170 533  21   533  21   108   
1077      169 533  21   533  21   72    
1078      45  514  2    514  0    72    
1079      45  514  2    514  2    72    
1080      13  754  242  754  242  42    
1081      13  1012 500  1012 500  42    
1082      13  500  -12  500  12   4     
1083      37  488  -24  488  16   4     
1084      37  488  -24  488  24   4     
1085      85  504  -24  504  24   -1000 
1086      85  476  -36  476  36   -1000 
1087      85  476  -36  476  36   -48   
1088      181 468  -44  468  36   -48   
1089      181 468  -44  468  44   -48   
1090      10  468  -44  468  44   -72   
1091      10  462  -50  462  50   -72   
1092      9   462  -50  462  50   -88   
1093      65  461  -51  461  53   -88   
1094      65  461  -51  461  51   -88   
1095      4   461  -51  461  51   -100  
1096      4   459  -53  459  53   -100  
1097      5   459  -53  459  53   -102  
1098      61  460  -52  460  50   -102  
1099      61  460  -52  460  52   -102  
1100      9   460  -52  460  52   -106  
1101      9   462  -50  462  50   -106  
1102      10  462  -50  462  50   -104  
1103      2   476  -36  476  52   -104  
1104      2   468  -44  468  44   -104  
1105      37  476  -36  476  44   -100  
1106      37  475  -37  475  37   -100  
1107      37  475  -37  475  37   -88   
1108      65  483  -29  483  13   -88   
1109      65  483  -29  483  29   -88   
1110      1   483  -29  483  29   -74   
1111      1   492  -20  492  20   -74   
1112      1   492  -20  492  20   -58   
1113      9   500  -12  500  12   -58   
1114      9   500  -12  500  12   -58   
1115      2   508  -4   508  12   -40   
1116      2   510  -2   510  2    -40   
1117      0   510  -2   510  2    -24   
1118      4   11   -501 11   499  -24   
1119      4   523  11   523  11   -24   
1120      4   522  10   522  10   4     
1121      4   532  20   532  20   4     
1122      4   532  20   532  20   22    
1123      4   543  31   543  31   22    
1124      4   543  31   543  31   22    
1125      5   543  31   543  31   40    
1126      5   553  41   553  41   40    
1127      5   553  41   553  41   62    
1128      5   559  47   559  47   62    
1129      5   559  47   559  47   62    
1130      10  559  47   559  47   82    
1131      10  567  55   567  55   82    
1132      9   567  55   567  55   94    
1133      5   572  60   572  60   94    
1134      5   572  60   572  60   94    
1135      25  572  60   572  60   110   
1136      25  574  62   574  62   110   
1137      25  574  62   574  62   120   
1138      89  579  67   579  67   120   
1139      89  579  67   579  67   120   
1140      8   635  122  634  83   124   
1141      8   572  60   572  60   124   
1142      9   572  60   572  60   134   
1143      5   572  60   572  60   134   
1144      5   572  60   572  60   134   
1145      4   572  60   572  60   120   
1146      4   566  54   566  54   120   
1147      5   566  54   566  54   120   
1148      145 572  60   572  60   120   
1149      145 556  44   556  44   120   
1150      9   548  36   548  44   108   
1151      9   546  34   546  34   108   
1152      9   546  34   546  34   88    
1153      1   569  57   569  57   88    
1154      1   537  25   537  25   88    
1155      36  537  25   537  25   68    
1156      36  523  11   523  11   68    
1157      36  523  11   523  11   50    
1158      196 1017 505  1017 505  50    
1159      196 1017 505  1017 505  50    
1160      49  505  -7   505  7    22    
1161      49  484  -28  484  28   22    
1162      49  484  -28  484  28   -1010 
1163      1   467  -45  467  13   -1010 
1164      1   467  -45  467  45   -1010 
1165      73  511  -1   511  13   -56   
1166      73  447  -65  447  65   -56   
1167      74  447  -65  447  65   -90   
1168      18  422  -90  422  88   -90   
1169      18  422  -90  422  90   -90   
1170      145 422  -90  422  90   -130  
1171      145 401  -111 401  111  -130  
1172      145 401  -111 401  111  -180  
1173      1   376  -136 376  8    -180  
1174      1   376  -136 376  136  -180  
1175      89  376  -136 376  136  -222  
1176      89  357  -155 357  155  -222  
1177      89  357  -155 357  155  -272  
1178      9   331  -181 331  181  -272  
1179      9   331  -181 331  181  -272  
1180      68  363  -149 363  181  -310  
1181      68  307  -205 307  205  -310  
1182      69  307  -205 307  205  -362  
1183      5   287  -225 287  225  -362  
1184      5   287  -225 287  225  -362  
1185      10  287  -225 287  225  -410  
1186      10  263  -249 263  249  -410  
1187      8   263  -249 263  249  -450  
1188      36  498  -14  498  8    -450  
1189      36  242  -270 242  270  -450  
1190      16  242  -270 242  270  -498  
1191      16  224  -288 224  288  -498  
1192      17  224  -288 224  288  -540  
1193      5   208  -304 208  272  -540  
1194      5   208  -304 208  304  -540  
1195      4   192  -320 192  304  -576  
1196      4   192  -320 192  320  -576  
1197      5   192  -320 192  320  -608  
1198      13  241  -271 241  279  -608  
1199      13  177  -335 177  335  -608  
1200      2   177  -335 177  335  -640  
1201      2   165  -347 165  347  -640  
1202      2   165  -347 165  347  -670  
1203      2   187  -325 187  325  -670  
1204      2   155  -357 155  357  -670  
1205      5   153  -359 153  357  -694  
1206      5   144  -368 144  368  -694  
1207      5   144  -368 144  368  -714  
1208      9   153  -359 153  359  -714  
1209      9   137  -375 137  375  -714  
1210      5   129  -383 129  375  -736  
1211      5   132  -380 132  380  -736  
1212      6   132  -380 132  380  -750  
1213      2   255  -257 255  257  -750  
1214      2   127  -385 127  385  -750  
1215      2   127  -385 127  385  -760  
1216      2   124  -388 124  388  -760  
1217      1   124  -388 124  388  -770  
1218      9   122  -390 122  386  -770  
1219      9   122  -390 122  390  -770  
1220      100 122  -390 122  390  -776  
1221      100 123  -389 123  389  -776  
1222      101 123  -389 123  389  -780  
1223      5   123  -389 123  389  -780  
1224      5   123  -389 123  389  -780  
1225      34  123  -389 123  389  -778  
1226      34  124  -388 124  388  -778  
1227      33  124  -388 124  388  -778  
1228      1   122  -390 122  390  -778  
1229      1   122  -390 122  390  -778  
1230      106 122  -390 122  390  -776  
1231      106 127  -385 127  385  -776  
1232      104 127  -385 127  385  -780  
1233      20  124  -388 124  388  -780  
1234      20  124  -388 124  388  -780  
1235      1   124  -388 124  388  -770  
1236      1   126  -386 126  386  -770  
1237      0   126  -386 126  386  -776  
1238      104 126  -386 126  386  -776  
1239      104 126  -386 126  386  -776  
1240      144 126  -386 126  386  -772  
1241      144 126  -386 126  386  -772  
1242      145 126  -386 126  386  -772  
1243      45  127  -385 127  385  -772  
1244      45  127  -385 127  385  -772  
1245      16  127  -386 126  385  -772  
1246      16  124  -388 124  388  -772  
1247      17  124  -388 124  388  -770  
1248      113 123  -385 127  385  -770  
1249      113 123  -389 123  389  -770  
1250      5   123  -389 123  389  -776  
1251      5   118  -394 118  394  -776  
1252      5   118  -394 118  394  -778  
1253      113 117  -395 117  393  -778  
1254      113 117  -395 117  395  -778  
1255      13  117  -395 117  395  -788  
1256      13  111  -401 111  401  -788  
1257      13  111  -401 111  401  -790  
1258      113 105  -407 105  407  -790  
1259      113 105  -407 105  407  -790  
1260      50  105  -407 105  407  -802  
1261      50  96   -416 96   416  -802  
1262      50  96   -416 96   416  -814  
1263      50  122  -390 122  390  -814  
1264      50  90   -422 90   422  -814  
1265      10  90   -422 90   422  -832  
1266      10  83   -429 83   429  -832  
1267      10  83   -429 83   429  -844  
1268      34  93   -419 93   417  -844  
1269      34  77   -435 77   435  -844  
1270      49  77   -435 77   435  -858  
1271      49  68   -444 68   444  -858  
1272      50  68   -444 68   444  -870  
1273      2   125  -387 125  387  -870  
1274      2   61   -451 61   451  -870  
1275      13  61   -451 61   451  -888  
1276      13  55   -457 55   457  -888  
1277      13  55   -457 55   457  -902  
1278      5   60   -452 60   450  -902  
1279      5   44   -468 44   468  -902  
1280      41  44   -468 44   468  -914  
1281      41  43   -469 43   469  -914  
1282      41  43   -469 43   469  -936  
1283      5   35   -477 35   477  -936  
1284      5   35   -477 35   477  -936  
1285      13  43   -469 43   477  -938  
1286      13  30   -482 30   482  -938  
1287      14  30   -482 30   482  -954  
1288      10  26   -486 26   486  -954  
1289      10  26   -486 26   486  -954  
1290      29  26   -486 26   486  -964  
1291      29  27   -485 27   485  -964  
1292      30  27   -485 27   485  -972  
1293      2   27   -485 27   485  -972  
1294      2   27   -485 27   485  -972  
1295      13  27   -485 27   485  -970  
1296      13  27   -485 27   485  -970  
1297      12  27   -485 27   485  -970  
1298      4   28   -484 28   484  -970  
1299      4   28   -484 28   484  -970  
1300      13  24   -488 24   484  -970  
1301      13  33   -479 33   479  -970  
1302      13  33   -479 33   479  -968  
1303      125 38   -474 38   474  -968  
1304      125 38   -474 38   474  -968  
1305      13  38   -474 38   474  -958  
1306      13  45   -467 45   467  -958  
1307      13  45   -467 45   467  -948  
1308      45  51   -461 51   473  -948  
1309      45  51   -461 51   461  -948  
1310      37  59   -453 59   461  -934  
1311      37  59   -453 59   453  -934  
1312      37  59   -453 59   453  -922  
1313      101 65   -447 65   445  -922  
1314      101 69   -443 69   443  -922  
1315      17  65   -447 65   447  -906  
1316      17  81   -431 81   431  -906  
1317      18  81   -431 81   431  -886  
1318      34  88   -424 88   422  -886  
1319      34  88   -424 88   424  -886  
1320      85  88   -424 88   424  -862  
1321      85  101  -411 101  411  -862  
1322      85  101  -411 101  411  -848  
1323      37  110  -402 110  402  -848  
1324      37  110  -402 110  402  -848  
1325      117 110  -402 110  402  -822  
1326      117 125  -387 125  387  -822  
1327      118 125  -387 125  387  -804  
1328      10  136  -376 136  368  -804  
1329      10  136  -376 136  376  -804  
1330      313 136  -376 136  376  -774  
1331      313 145  -367 145  367  -774  
1332      313 145  -367 145  367  -752  
1333      5   157  -355 157  355  -752  
1334      5   157  -355 157  355  -752  
1335      13  157  -355 157  355  -734  
1336      13  165  -347 165  347  -734  
1337      13  165  -347 165  347  -710  
1338      5   171  -342 170  339  -710  
1339      5   170  -342 170  342  -710  
1340      37  170  -342 170  342  -694  
1341      37  179  -333 179  333  -694  
1342      37  179  -333 179  333  -684  
1343      153 187  -325 187  325  -684  
1344      153 187  -325 187  325  -684  
1345      68  187  -325 187  325  -666  
1346      68  188  -324 188  324  -666  
1347      69  188  -324 188  324  -650  
1348      29  193  -319 193  319  -650  
1349      29  193  -319 193  319  -650  
1350      40  193  -319 193  319  -648  
1351      40  194  -318 194  318  -648  
1352      41  194  -318 194  318  -638  
1353      41  194  -318 194  318  -638  
1354      41  194  -318 194  318  -638  
1355      18  194  -318 194  318  -636  
1356      18  195  -317 195  317  -636  
1357      17  195  -317 195  317  -636  
1358      13  254  -258 254  258  -636  
1359      13  190  -322 190  322  -636  
1360      25  190  -322 190  322  -634  
1361      25  188  -324 188  324  -634  
1362      25  188  -324 188  324  -644  
1363      25  186  -326 186  322  -644  
1364      25  186  -326 186  326  -644  
1365      25  186  -326 186  326  -648  
1366      25  183  -329 183  329  -648  
1367      25  183  -329 183  329  -652  
1368      13  178  -334 178  334  -652  
1369      13  178  -334 178  334  -652  
1370      13  178  -334 178  334  -658  
1371      13  174  -338 174  338  -658  
1372      14  174  -338 174  338  -668  
1373      10  168  -343 169  342  -668  
1374      10  169  -343 169  343  -668  
1375      45  168  -344 168  342  -676  
1376      45  164  -348 164  348  -676  
1377      46  164  -348 164  348  -686  
1378      18  163  -349 163  349  -686  
1379      18  163  -349 163  349  -686  
1380      74  163  -349 163  349  -696  
1381      74  160  -352 160  352  -696  
1382      73  160  -352 160  352  -698  
1383      25  161  -351 161  351  -698  
1384      25  161  -351 161  351  -698  
1385      8   161  -351 161  351  -704  
1386      8   161  -351 161  351  -704  
1387      10  161  -351 161  351  -702  
1388      18  163  -349 163  349  -702  
1389      18  163  -349 163  349  -702  
1390      17  163  -349 163  349  -702  
1391      17  169  -343 169  343  -702  
1392      17  169  -343 169  343  -698  
1393      125 175  -338 174  337  -698  
1394      125 174  -338 174  338  -698  
1395      125 174  -338 174  338  -686  
1396      125 182  -330 182  330  -686  
1397      126 182  -330 182  330  -676  
1398      10  196  -315 197  315  -676  
1399      10  197  -315 197  315  -676  
1400      45  196  -316 196  314  -660  
1401      45  208  -304 208  304  -660  
1402      45  208  -304 208  304  -630  
1403      157 224  -288 224  288  -630  
1404      157 224  -288 224  288  -630  
1405      26  240  -272 240  288  -608  
1406      26  243  -269 243  269  -608  
1407      26  243  -269 243  269  -576  
1408      50  256  -256 256  -512 -576  
1409      50  264  -248 264  248  -576  
1410      18  256  -256 256  136  -538  
1411      18  288  -224 288  224  -538  
1412      17  288  -224 288  224  -496  
1413      233 312  -200 312  200  -496  
1414      233 312  -200 312  200  -496  
1415      65  312  -200 312  200  -448  
1416      65  342  -170 342  170  -448  
1417      66  342  -170 342  170  -400  
1418      50  369  -143 369  145  -400  
1419      50  369  -143 369  143  -400  
1420      49  369  -143 369  143  -340  
1421      49  403  -109 403  109  -340  
1422      48  403  -109 403  109  -286  
1423      148 434  -78  434  76   -286  
1424      148 434  -78  434  78   -286  
1425      53  434  -78  434  78   -218  
1426      53  466  -46  466  46   -218  
1427      53  466  -46  466  46   -156  
1428      5   503  -9   503  9    -156  
1429      5   503  -9   503  9    -156  
1430      1   343  -169 343  9    -92   
1431      1   18   -494 18   494  -92   
1432      0   530  18   530  18   18    
1433      8   569  57   569  57   18    
1434      8   569  57   569  57   18    
1435      170 571  59   571  59   36    
1436      170 599  87   599  87   36    
1437      169 599  87   599  87   114   
1438      13  633  121  633  121  114   
1439      13  633  121  633  121  114   
1440      25  633  121  633  121  174   
1441      25  660  148  660  148  174   
1442      25  660  148  660  148  242   
1443      5   692  180  692  180  242   
1444      5   692  180  692  180  242   
1445      5   692  180  692  180  296   
1446      5   719  207  719  207  296   
1447      5   719  207  719  207  360   
1448      25  745  233  745  233  360   
1449      25  745  233  745  233  360   
1450      10  749  237  749  237  414   
1451      10  767  255  767  255  414   
1452      10  767  255  767  255  466   
1453      10  789  277  789  21   466   
1454      10  789  277  789  277  466   
1455      9   789  277  789  277  510   
1456      9   807  295  807  295  510   
1457      9   807  295  807  295  554   
1458      25  825  313  825  317  554   
1459      25  825  313  825  313  554   
1460      10  825  313  825  313  590   
1461      10  840  328  840  328  590   
1462      8   840  328  840  328  626   
1463      36  849  337  849  345  626   
1464      36  849  337  849  337  626   
1465      16  857  345  857  345  656   
1466      16  860  348  860  348  656   
1467      18  860  348  860  348  674   
1468      50  867  355  867  355  674   
1469      50  867  355  867  355  674   
1470      10  867  355  867  355  696   
1471      10  870  358  870  358  696   
1472      10  870  358  870  358  710   
1473      82  873  361  873  361  710   
1474      82  873  361  873  361  710   
1475      58  873  361  873  361  716   
1476      58  877  365  877  365  716   
1477      56  877  365  877  365  722   
1478      8   870  358  870  358  722   
1479      8   870  358  870  358  722   
1480      5   868  356  868  356  730   
1481      5   872  360  872  360  730   
1482      6   872  360  872  360  716   
1483      2   871  359  871  359  716   
1484      2   871  359  871  359  716   
1485      305 871  359  871  359  720   
1486      305 867  355  867  355  720   
1487      306 867  355  867  355  718   
1488      10  892  380  892  380  718   
1489      10  860  348  860  348  718   
1490      2   860  348  860  348  710   
1491      2   858  346  858  346  710   
1492      1   858  346  858  346  696   
1493      1   852  340  852  340  696   
1494      1   852  340  852  340  696   
1495      136 852  340  852  340  692   
1496      136 849  337  849  337  692   
1497      136 849  337  849  337  680   
1498      100 861  349  861  349  680   
1499      100 845  333  845  333  680   
1500      13  845  333  845  333  674   
1501      13  840  328  840  328  674   
1502      13  840  328  840  328  666   
1503      73  840  328  840  328  666   
1504      73  840  328  840  328  666   
1505      50  840  328  840  328  656   
1506      50  838  326  838  326  656   
1507      49  838  326  838  326  656   
1508      97  840  328  840  328  656   
1509      97  840  328  840  328  656   
1510      2   840  328  840  328  652   
1511      2   841  329  841  329  652   
1512      1   841  329  841  329  656   
1513      41  847  335  847  335  656   
1514      41  847  335  847  335  656   
1515      4   847  335  847  335  658   
1516      4   848  336  848  336  658   
1517      5   848  336  848  336  670   
1518      73  854  342  854  342  670   
1519      73  854  342  854  342  670   
1520      5   854  342  854  342  672   
1521      5   862  350  862  350  672   
1522      5   862  350  862  350  684   
1523      9   871  359  871  375  684   
1524      9   871  359  871  359  684   
1525      9   871  359  871  359  700   
1526      9   879  367  879  367  700   
1527      8   879  367  879  367  718   
1528      20  888  376  888  376  718   
1529      20  888  376  888  376  718   
1530      5   872  360  872  360  734   
1531      5   900  388  900  388  734   
1532      4   900  388  900  388  752   
1533      8   910  398  910  398  752   
1534      8   910  398  910  398  752   
1535      9   910  398  910  398  776   
1536      9   923  411  923  411  776   
1537      10  923  411  923  411  796   
1538      10  932  420  932  420  796   
1539      10  932  420  932  420  796   
1540      5   940  428  940  420  822   
1541      5   942  430  942  430  822   
1542      5   942  430  942  430  840   
1543      5   957  445  957  445  840   
1544      5   957  445  957  445  840   
1545      25  941  429  941  429  860   
1546      25  965  453  965  453  860   
1547      25  965  453  965  453  890   
1548      41  975  463  975  463  890   
1549      41  975  463  975  463  890   
1550      26  975  463  975  463  906   
1551      26  984  472  984  472  906   
1552      24  984  472  984  472  926   
1553      20  993  481  993  481  926   
1554      20  993  481  993  481  926   
1555      49  993  481  993  481  944   
1556      49  995  483  995  483  944   
1557      50  995  483  995  483  962   
1558      82  1002 490  1002 490  962   
1559      82  1002 490  1002 490  962   
1560      0   1002 490  1002 490  966   
1561      0   1007 495  1007 495  966   
1562      0   1007 495  1007 495  980   
1563      4   1006 494  1006 494  980   
1564      4   1006 494  1006 494  980   
1565      5   1006 494  1006 494  990   
1566      5   1008 496  1008 496  990   
1567      6   1008 496  1008 496  988   
1568      274 1009 497  1009 497  988   
1569      274 1009 497  1009 497  988   
1570      2   1009 497  1009 497  992   
1571      2   1006 494  1006 494  992   
1572      1   1006 494  1006 494  994   
1573      17  1005 493  1005 493  994   
1574      17  1005 493  1005 493  994   
1575      17  1005 493  1005 493  988   
1576      17  996  484  996  484  988   
1577      16  996  484  996  484  986   
1578      104 995  483  995  487  986   
1579      104 995  483  995  483  986   
1580      117 995  483  995  483  968   
1581      117 988  476  988  476  968   
1582      117 988  476  988  476  966   
1583      9   983  471  983  471  966   
1584      9   983  471  983  471  966   
1585      137 983  471  983  471  952   
1586      137 974  462  974  462  952   
1587      138 974  462  974  462  942   
1588      18  967  455  967  455  942   
1589      18  967  455  967  455  942   
1590      113 991  479  991  463  924   
1591      113 959  447  959  447  924   
1592      112 959  447  959  447  910   
1593      16  950  438  950  438  910   
1594      16  950  438  950  438  910   
1595      80  950  438  950  438  894   
1596      80  942  430  942  430  894   
1597      81  942  430  942  430  876   
1598      9   938  426  938  426  876   
1599      9   938  426  938  426  876   
1600      26  938  426  938  426  860   
1601      26  931  419  931  419  860   
1602      25  931  419  931  419  852   
1603      17  958  446  958  446  852   
1604      17  926  414  926  414  852   
1605      8   926  414  926  414  838   
1606      8   918  406  918  406  838   
1607      9   918  406  918  406  828   
1608      65  919  407  919  407  828   
1609      65  919  407  919  407  828   
1610      40  919  407  919  407  812   
1611      40  913  401  913  401  812   
1612      41  913  401  913  401  814   
1613      17  912  400  912  400  814   
1614      17  912  400  912  400  814   
1615      40  912  400  912  400  802   
1616      40  909  397  909  397  802   
1617      40  909  397  909  397  800   
1618      36  908  396  908  396  800   
1619      36  908  396  908  396  800   
1620      40  908  396  908  396  794   
1621      40  909  397  909  397  794   
1622      41  909  397  909  397  792   
1623      17  909  397  909  397  792   
1624      17  909  397  909  397  792   
1625      37  909  397  909  397  794   
1626      37  908  396  908  396  794   
1627      36  908  396  908  396  794   
1628      20  910  398  910  398  794   
1629      20  910  398  910  398  794   
1630      117 910  398  910  398  792   
1631      117 913  401  913  401  792   
1632      117 913  401  913  401  796   
1633      45  913  401  913  401  796   
1634      45  913  401  913  401  796   
1635      74  913  401  913  401  802   
1636      74  915  403  915  403  802   
1637      73  915  403  915  403  802   
1638      61  913  401  913  401  802   
1639      61  913  401  913  401  802   
1640      164 913  401  913  401  806   
1641      164 913  401  913  401  806   
1642      165 913  401  913  401  802   
1643      37  927  415  927  415  802   
1644      37  910  398  910  398  802   
1645      90  910  398  910  398  802   
1646      90  908  396  908  396  802   
1647      89  908  396  908  396  796   
1648      25  904  392  904  392  796   
1649      25  904  392  904  392  796   
1650      122 904  392  904  392  792   
1651      122 896  384  896  384  792   
1652      121 896  384  896  384  784   
1653      85  1019 507  1019 507  784   
1654      85  891  379  891  379  784   
1655      45  891  379  891  379  768   
1656      45  883  371  883  371  768   
1657      44  883  371  883  371  758   
1658      272 871  359  871  359  758   
1659      272 871  359  871  359  758   
1660      293 871  359  871  359  742   
1661      293 858  346  858  346  742   
1662      293 858  346  858  346  718   
1663      5   847  335  847  335  718   
1664      5   845  333  845  333  718   
1665      101 861  349  861  333  692   
1666      101 828  316  828  316  692   
1667      101 828  316  828  316  666   
1668      17  811  299  811  303  666   
1669      17  811  299  811  299  666   
1670      82  811  299  811  299  632   
1671      82  793  281  793  281  632   
1672      81  793  281  793  281  598   
1673      221 770  258  770  258  598   
1674      221 770  258  770  258  598   
1675      101 1002 490  1002 258  562   
1676      101 751  239  751  239  562   
1677      100 751  239  751  239  516   
1678      232 727  215  727  199  516   
1679      232 727  215  727  215  516   
1680      52  711  199  711  199  478   
1681      52  704  192  704  192  478   
1682      53  704  192  704  192  430   
1683      45  746  234  746  234  430   
1684      45  682  170  682  170  430   
1685      121 682  170  682  170  384   
1686      121 658  146  658  146  384   
1687      120 658  146  658  146  340   
1688      68  763  251  763  251  340   
1689      68  635  123  635  123  340   
1690      160 635  123  635  123  292   
1691      160 612  100  612  100  292   
1692      162 612  100  612  100  246   
1693      82  588  76   588  76   246   
1694      82  588  76   588  76   246   
1695      122 620  108  620  76   200   
1696      122 566  54   566  54   200   
1697      121 566  54   566  54   152   
1698      81  551  39   551  39   152   
1699      81  551  39   551  39   152   
1700      122 551  39   551  39   108   
1701      122 530  18   530  18   108   
1702      121 530  18   530  18   78    
1703      101 514  2    514  2    78    
1704      101 514  2    514  2    78    
1705      145 754  242  754  242  36    
1706      145 1008 496  1008 496  36    
1707      144 496  -16  496  16   4     
1708      148 488  -24  488  8    4     
1709      148 488  -24  488  24   4     
1710      272 504  -8   504  24   -992  
1711      272 476  -36  476  36   -992  
1712      273 476  -36  476  36   -48   
1713      29  471  -41  471  33   -48   
1714      29  471  -41  471  41   -48   
1715      148 471  -41  471  41   -72   
1716      148 462  -50  462  50   -72   
1717      150 462  -50  462  50   -82   
1718      26  460  -52  460  54   -82   
1719      26  460  -52  460  52   -82   
1720      153 460  -52  460  52   -100  
1721      153 458  -54  458  54   -100  
1722      152 458  -54  458  54   -104  
1723      404 460  -52  460  52   -104  
1724      404 460  -52  460  52   -104  
1725      178 460  -52  460  52   -108  
1726      178 464  -48  464  48   -108  
1727      178 464  -48  464  48   -104  
1728      298 468  -44  468  44   -104  
1729      298 468  -44  468  44   -104  
1730      128 468  -44  468  44   -96   
1731      128 477  -35  477  35   -96   
1732      130 477  -35  477  35   -88   
1733      106 483  -29  483  43   -88   
1734      106 483  -29  483  29   -88   
1735      257 483  -29  483  29   -70   
1736      257 493  -19  493  19   -70   
1737      258 493  -19  493  19   -58   
1738      146 503  -10  502  9    -58   
1739      146 502  -10  502  10   -58   
1740      353 358  -154 358  26   -38   
1741      353 0    -512 0    -512 -38   
1742      354 512  0    512  0    20    
1743      178 522  10   522  10   20    
1744      178 522  10   522  10   20    
1745      325 522  10   522  10   0     
1746      325 533  21   533  21   0     
1747      325 533  21   533  21   20    
1748      173 543  31   543  31   20    
1749      173 543  31   543  31   20    
1750      648 543  31   543  31   42    
1751      648 548  36   548  36   42    
1752      649 548  36   548  36   62    
1753      145 560  48   560  48   62    
1754      145 560  48   560  48   62    
1755      145 564  52   564  52   72    
1756      145 567  55   567  55   72    
1757      145 567  55   567  55   96    
1758      145 570  58   570  58   96    
1759      145 570  58   570  58   96    
1760      85  570  58   570  58   110   
1761      85  575  63   575  63   110   
1762      85  575  63   575  63   116   
1763      477 576  64   576  64   116   
1764      477 576  64   576  64   116   
1765      388 576  64   576  64   126   
1766      388 577  65   577  65   126   
1767      388 577  65   577  65   128   
1768      272 636  124  636  124  128   
1769      272 572  60   572  60   128   
1770      338 572  60   572  60   130   
1771      338 567  55   567  55   130   
1772      336 567  55   567  55   120   
1773      116 572  60   572  60   120   
1774      116 556  44   556  44   120   
1775      320 548  36   548  44   110   
1776      320 550  38   550  38   110   
1777      321 550  38   550  38   88    
1778      241 568  57   569  60   88    
1779      241 537  25   537  25   88    
1780      337 521  9    521  25   76    
1781      337 523  11   523  11   76    
1782      337 523  11   523  11   50    
1783      261 1016 504  1016 504  50    
1784      261 1016 504  1016 504  50    
1785      370 504  -8   504  8    22    
1786      370 486  -26  486  26   22    
1787      370 486  -26  486  26   -1008 
1788      314 467  -45  467  15   -1008 
1789      314 467  -45  467  45   -1008 
1790      373 511  -1   511  13   -52   
1791      373 447  -65  447  65   -52   
